0.000000 0.000008
0.010000 0.000050
0.020000 0.000175
0.030000 0.000377
0.040000 0.000647
0.050000 0.000976
0.060000 0.001352
0.070000 0.001766
0.080000 0.002209
0.090000 0.002675
0.100000 0.003157
0.110000 0.003650
0.120000 0.004150
0.130000 0.004656
0.140000 0.005164
0.150000 0.005672
0.160000 0.006180
0.170000 0.006687
0.180000 0.007192
0.190000 0.007694
0.200000 0.008193
0.210000 0.008689
0.220000 0.009181
0.230000 0.009670
0.240000 0.010155
0.250000 0.010636
0.260000 0.011114
0.270000 0.011587
0.280000 0.012057
0.290000 0.012522
0.300000 0.012984
0.310000 0.013442
0.320000 0.013895
0.330000 0.014345
0.340000 0.014791
0.350000 0.015232
0.360000 0.015670
0.370000 0.016104
0.380000 0.016533
0.390000 0.016959
0.400000 0.017380
0.410000 0.017797
0.420000 0.018210
0.430000 0.018619
0.440000 0.019023
0.450000 0.019423
0.460000 0.019819
0.470000 0.020211
0.480000 0.020598
0.490000 0.020980
0.500000 0.021358
0.510000 0.021732
0.520000 0.022101
0.530000 0.022465
0.540000 0.022825
0.550000 0.023180
0.560000 0.023531
0.570000 0.023877
0.580000 0.024218
0.590000 0.024554
0.600000 0.024886
0.610000 0.025213
0.620000 0.025535
0.630000 0.025852
0.640000 0.026165
0.650000 0.026473
0.660000 0.026776
0.670000 0.027074
0.680000 0.027367
0.690000 0.027656
0.700000 0.027940
0.710000 0.028219
0.720000 0.028493
0.730000 0.028763
0.740000 0.029028
0.750000 0.029288
0.760000 0.029543
0.770000 0.029794
0.780000 0.030039
0.790000 0.030281
0.800000 0.030517
0.810000 0.030749
0.820000 0.030976
0.830000 0.031198
0.840000 0.031416
0.850000 0.031629
0.860000 0.031837
0.870000 0.032041
0.880000 0.032241
0.890000 0.032435
0.900000 0.032626
0.910000 0.032811
0.920000 0.032993
0.930000 0.033170
0.940000 0.033342
0.950000 0.033511
0.960000 0.033674
0.970000 0.033834
0.980000 0.033990
0.990000 0.034141
1.000000 0.034288
1.010000 0.034431
1.020000 0.034570
1.030000 0.034704
1.040000 0.034835
1.050000 0.034961
1.060000 0.035084
1.070000 0.035202
1.080000 0.035317
1.090000 0.035427
1.100000 0.035533
1.110000 0.035636
1.120000 0.035735
1.130000 0.035830
1.140000 0.035921
1.150000 0.036008
1.160000 0.036092
1.170000 0.036172
1.180000 0.036249
1.190000 0.036322
1.200000 0.036392
1.210000 0.036459
1.220000 0.036522
1.230000 0.036581
1.240000 0.036638
1.250000 0.036691
1.260000 0.036741
1.270000 0.036787
1.280000 0.036831
1.290000 0.036871
1.300000 0.036908
1.310000 0.036942
1.320000 0.036973
1.330000 0.037001
1.340000 0.037026
1.350000 0.037048
1.360000 0.037067
1.370000 0.037083
1.380000 0.037096
1.390000 0.037106
1.400000 0.037114
1.410000 0.037119
1.420000 0.037121
1.430000 0.037121
1.440000 0.037118
1.450000 0.037112
1.460000 0.037104
1.470000 0.037093
1.480000 0.037079
1.490000 0.037063
1.500000 0.037045
1.510000 0.037024
1.520000 0.037000
1.530000 0.036974
1.540000 0.036946
1.550000 0.036915
1.560000 0.036882
1.570000 0.036847
1.580000 0.036809
1.590000 0.036769
1.600000 0.036727
1.610000 0.036682
1.620000 0.036635
1.630000 0.036586
1.640000 0.036535
1.650000 0.036482
1.660000 0.036426
1.670000 0.036369
1.680000 0.036309
1.690000 0.036247
1.700000 0.036183
1.710000 0.036118
1.720000 0.036050
1.730000 0.035980
1.740000 0.035908
1.750000 0.035834
1.760000 0.035759
1.770000 0.035682
1.780000 0.035603
1.790000 0.035522
1.800000 0.035439
1.810000 0.035355
1.820000 0.035269
1.830000 0.035181
1.840000 0.035092
1.850000 0.035001
1.860000 0.034908
1.870000 0.034814
1.880000 0.034718
1.890000 0.034621
1.900000 0.034522
1.910000 0.034421
1.920000 0.034320
1.930000 0.034216
1.940000 0.034111
1.950000 0.034005
1.960000 0.033898
1.970000 0.033789
1.980000 0.033678
1.990000 0.033567
2.000000 0.033454
2.010000 0.033340
2.020000 0.033225
2.030000 0.033108
2.040000 0.032991
2.050000 0.032872
2.060000 0.032752
2.070000 0.032631
2.080000 0.032509
2.090000 0.032386
2.100000 0.032262
2.110000 0.032137
2.120000 0.032011
2.130000 0.031884
2.140000 0.031757
2.150000 0.031628
2.160000 0.031498
2.170000 0.031367
2.180000 0.031236
2.190000 0.031103
2.200000 0.030970
2.210000 0.030836
2.220000 0.030701
2.230000 0.030565
2.240000 0.030428
2.250000 0.030291
2.260000 0.030152
2.270000 0.030014
2.280000 0.029874
2.290000 0.029734
2.300000 0.029593
2.310000 0.029451
2.320000 0.029309
2.330000 0.029166
2.340000 0.029022
2.350000 0.028878
2.360000 0.028734
2.370000 0.028588
2.380000 0.028442
2.390000 0.028296
2.400000 0.028149
2.410000 0.028002
2.420000 0.027854
2.430000 0.027706
2.440000 0.027557
2.450000 0.027408
2.460000 0.027259
2.470000 0.027109
2.480000 0.026959
2.490000 0.026808
2.500000 0.026657
2.510000 0.026506
2.520000 0.026355
2.530000 0.026204
2.540000 0.026052
2.550000 0.025900
2.560000 0.025747
2.570000 0.025595
2.580000 0.025442
2.590000 0.025289
2.600000 0.025136
2.610000 0.024982
2.620000 0.024828
2.630000 0.024674
2.640000 0.024520
2.650000 0.024365
2.660000 0.024210
2.670000 0.024055
2.680000 0.023900
2.690000 0.023744
2.700000 0.023588
2.710000 0.023432
2.720000 0.023276
2.730000 0.023120
2.740000 0.022963
2.750000 0.022807
2.760000 0.022650
2.770000 0.022493
2.780000 0.022336
2.790000 0.022179
2.800000 0.022022
2.810000 0.021865
2.820000 0.021707
2.830000 0.021550
2.840000 0.021392
2.850000 0.021235
2.860000 0.021077
2.870000 0.020919
2.880000 0.020761
2.890000 0.020603
2.900000 0.020445
2.910000 0.020287
2.920000 0.020130
2.930000 0.019972
2.940000 0.019814
2.950000 0.019656
2.960000 0.019499
2.970000 0.019341
2.980000 0.019184
2.990000 0.019026
3.000000 0.018869
3.010000 0.018712
3.020000 0.018555
3.030000 0.018398
3.040000 0.018242
3.050000 0.018085
3.060000 0.017929
3.070000 0.017773
3.080000 0.017617
3.090000 0.017461
3.100000 0.017306
3.110000 0.017151
3.120000 0.016996
3.130000 0.016841
3.140000 0.016686
3.150000 0.016532
3.160000 0.016378
3.170000 0.016224
3.180000 0.016070
3.190000 0.015917
3.200000 0.015764
3.210000 0.015611
3.220000 0.015458
3.230000 0.015306
3.240000 0.015154
3.250000 0.015002
3.260000 0.014851
3.270000 0.014700
3.280000 0.014549
3.290000 0.014399
3.300000 0.014249
3.310000 0.014099
3.320000 0.013950
3.330000 0.013800
3.340000 0.013652
3.350000 0.013503
3.360000 0.013355
3.370000 0.013207
3.380000 0.013060
3.390000 0.012912
3.400000 0.012766
3.410000 0.012619
3.420000 0.012473
3.430000 0.012327
3.440000 0.012182
3.450000 0.012037
3.460000 0.011892
3.470000 0.011748
3.480000 0.011604
3.490000 0.011460
3.500000 0.011317
3.510000 0.011174
3.520000 0.011031
3.530000 0.010889
3.540000 0.010748
3.550000 0.010606
3.560000 0.010465
3.570000 0.010325
3.580000 0.010185
3.590000 0.010045
3.600000 0.009905
3.610000 0.009766
3.620000 0.009628
3.630000 0.009490
3.640000 0.009352
3.650000 0.009215
3.660000 0.009078
3.670000 0.008941
3.680000 0.008805
3.690000 0.008669
3.700000 0.008534
3.710000 0.008399
3.720000 0.008265
3.730000 0.008131
3.740000 0.007997
3.750000 0.007864
3.760000 0.007731
3.770000 0.007599
3.780000 0.007467
3.790000 0.007335
3.800000 0.007204
3.810000 0.007074
3.820000 0.006944
3.830000 0.006814
3.840000 0.006684
3.850000 0.006556
3.860000 0.006427
3.870000 0.006299
3.880000 0.006171
3.890000 0.006044
3.900000 0.005918
3.910000 0.005792
3.920000 0.005666
3.930000 0.005541
3.940000 0.005416
3.950000 0.005292
3.960000 0.005168
3.970000 0.005044
3.980000 0.004921
3.990000 0.004799
4.000000 0.004677
4.010000 0.004555
4.020000 0.004434
4.030000 0.004313
4.040000 0.004193
4.050000 0.004073
4.060000 0.003953
4.070000 0.003834
4.080000 0.003716
4.090000 0.003598
4.100000 0.003481
4.110000 0.003364
4.120000 0.003247
4.130000 0.003131
4.140000 0.003016
4.150000 0.002901
4.160000 0.002787
4.170000 0.002673
4.180000 0.002560
4.190000 0.002447
4.200000 0.002335
4.210000 0.002223
4.220000 0.002112
4.230000 0.002001
4.240000 0.001891
4.250000 0.001782
4.260000 0.001673
4.270000 0.001564
4.280000 0.001456
4.290000 0.001349
4.300000 0.001242
4.310000 0.001136
4.320000 0.001030
4.330000 0.000925
4.340000 0.000820
4.350000 0.000716
4.360000 0.000612
4.370000 0.000509
4.380000 0.000406
4.390000 0.000304
4.400000 0.000203
4.410000 0.000102
4.420000 0.000001
4.430000 -0.000099
4.440000 -0.000198
4.450000 -0.000297
4.460000 -0.000395
4.470000 -0.000493
4.480000 -0.000590
4.490000 -0.000687
4.500000 -0.000783
4.510000 -0.000878
4.520000 -0.000973
4.530000 -0.001068
4.540000 -0.001162
4.550000 -0.001256
4.560000 -0.001349
4.570000 -0.001441
4.580000 -0.001533
4.590000 -0.001625
4.600000 -0.001716
4.610000 -0.001807
4.620000 -0.001898
4.630000 -0.001988
4.640000 -0.002077
4.650000 -0.002166
4.660000 -0.002255
4.670000 -0.002344
4.680000 -0.002432
4.690000 -0.002519
4.700000 -0.002606
4.710000 -0.002693
4.720000 -0.002779
4.730000 -0.002865
4.740000 -0.002950
4.750000 -0.003034
4.760000 -0.003118
4.770000 -0.003202
4.780000 -0.003285
4.790000 -0.003367
4.800000 -0.003449
4.810000 -0.003531
4.820000 -0.003612
4.830000 -0.003692
4.840000 -0.003772
4.850000 -0.003852
4.860000 -0.003931
4.870000 -0.004010
4.880000 -0.004088
4.890000 -0.004166
4.900000 -0.004243
4.910000 -0.004320
4.920000 -0.004396
4.930000 -0.004472
4.940000 -0.004548
4.950000 -0.004623
4.960000 -0.004698
4.970000 -0.004772
4.980000 -0.004846
4.990000 -0.004919
5.000000 -0.004993
5.010000 -0.005065
5.020000 -0.005138
5.030000 -0.005210
5.040000 -0.005281
5.050000 -0.005352
5.060000 -0.005423
5.070000 -0.005494
5.080000 -0.005564
5.090000 -0.005633
5.100000 -0.005703
5.110000 -0.005772
5.120000 -0.005840
5.130000 -0.005908
5.140000 -0.005976
5.150000 -0.006043
5.160000 -0.006110
5.170000 -0.006176
5.180000 -0.006242
5.190000 -0.006307
5.200000 -0.006372
5.210000 -0.006437
5.220000 -0.006501
5.230000 -0.006565
5.240000 -0.006628
5.250000 -0.006691
5.260000 -0.006754
5.270000 -0.006816
5.280000 -0.006878
5.290000 -0.006939
5.300000 -0.007000
5.310000 -0.007061
5.320000 -0.007121
5.330000 -0.007181
5.340000 -0.007240
5.350000 -0.007299
5.360000 -0.007357
5.370000 -0.007416
5.380000 -0.007473
5.390000 -0.007531
5.400000 -0.007587
5.410000 -0.007644
5.420000 -0.007700
5.430000 -0.007755
5.440000 -0.007810
5.450000 -0.007865
5.460000 -0.007919
5.470000 -0.007973
5.480000 -0.008026
5.490000 -0.008079
5.500000 -0.008132
5.510000 -0.008184
5.520000 -0.008236
5.530000 -0.008287
5.540000 -0.008338
5.550000 -0.008389
5.560000 -0.008439
5.570000 -0.008489
5.580000 -0.008539
5.590000 -0.008588
5.600000 -0.008637
5.610000 -0.008686
5.620000 -0.008734
5.630000 -0.008783
5.640000 -0.008830
5.650000 -0.008878
5.660000 -0.008926
5.670000 -0.008973
5.680000 -0.009020
5.690000 -0.009066
5.700000 -0.009112
5.710000 -0.009158
5.720000 -0.009204
5.730000 -0.009249
5.740000 -0.009293
5.750000 -0.009338
5.760000 -0.009382
5.770000 -0.009425
5.780000 -0.009469
5.790000 -0.009511
5.800000 -0.009554
5.810000 -0.009596
5.820000 -0.009637
5.830000 -0.009679
5.840000 -0.009720
5.850000 -0.009760
5.860000 -0.009801
5.870000 -0.009840
5.880000 -0.009880
5.890000 -0.009919
5.900000 -0.009958
5.910000 -0.009997
5.920000 -0.010035
5.930000 -0.010073
5.940000 -0.010111
5.950000 -0.010149
5.960000 -0.010186
5.970000 -0.010223
5.980000 -0.010259
5.990000 -0.010295
6.000000 -0.010331
6.010000 -0.010366
6.020000 -0.010401
6.030000 -0.010436
6.040000 -0.010470
6.050000 -0.010504
6.060000 -0.010538
6.070000 -0.010571
6.080000 -0.010604
6.090000 -0.010637
6.100000 -0.010669
6.110000 -0.010701
6.120000 -0.010733
6.130000 -0.010764
6.140000 -0.010795
6.150000 -0.010826
6.160000 -0.010857
6.170000 -0.010887
6.180000 -0.010917
6.190000 -0.010947
6.200000 -0.010977
6.210000 -0.011006
6.220000 -0.011035
6.230000 -0.011063
6.240000 -0.011091
6.250000 -0.011119
6.260000 -0.011147
6.270000 -0.011174
6.280000 -0.011201
6.290000 -0.011227
6.300000 -0.011253
6.310000 -0.011279
6.320000 -0.011304
6.330000 -0.011329
6.340000 -0.011354
6.350000 -0.011379
6.360000 -0.011403
6.370000 -0.011427
6.380000 -0.011450
6.390000 -0.011473
6.400000 -0.011496
6.410000 -0.011519
6.420000 -0.011541
6.430000 -0.011562
6.440000 -0.011584
6.450000 -0.011605
6.460000 -0.011626
6.470000 -0.011646
6.480000 -0.011667
6.490000 -0.011686
6.500000 -0.011706
6.510000 -0.011725
6.520000 -0.011744
6.530000 -0.011763
6.540000 -0.011781
6.550000 -0.011799
6.560000 -0.011817
6.570000 -0.011834
6.580000 -0.011851
6.590000 -0.011867
6.600000 -0.011884
6.610000 -0.011900
6.620000 -0.011915
6.630000 -0.011930
6.640000 -0.011945
6.650000 -0.011960
6.660000 -0.011974
6.670000 -0.011988
6.680000 -0.012002
6.690000 -0.012016
6.700000 -0.012029
6.710000 -0.012042
6.720000 -0.012055
6.730000 -0.012067
6.740000 -0.012080
6.750000 -0.012092
6.760000 -0.012104
6.770000 -0.012115
6.780000 -0.012127
6.790000 -0.012138
6.800000 -0.012149
6.810000 -0.012160
6.820000 -0.012170
6.830000 -0.012181
6.840000 -0.012191
6.850000 -0.012201
6.860000 -0.012211
6.870000 -0.012221
6.880000 -0.012231
6.890000 -0.012240
6.900000 -0.012249
6.910000 -0.012258
6.920000 -0.012267
6.930000 -0.012276
6.940000 -0.012284
6.950000 -0.012292
6.960000 -0.012301
6.970000 -0.012308
6.980000 -0.012316
6.990000 -0.012324
7.000000 -0.012331
7.010000 -0.012338
7.020000 -0.012345
7.030000 -0.012352
7.040000 -0.012359
7.050000 -0.012365
7.060000 -0.012371
7.070000 -0.012377
7.080000 -0.012383
7.090000 -0.012389
7.100000 -0.012394
7.110000 -0.012399
7.120000 -0.012404
7.130000 -0.012409
7.140000 -0.012414
7.150000 -0.012418
7.160000 -0.012423
7.170000 -0.012427
7.180000 -0.012431
7.190000 -0.012435
7.200000 -0.012440
7.210000 -0.012443
7.220000 -0.012447
7.230000 -0.012451
7.240000 -0.012454
7.250000 -0.012458
7.260000 -0.012461
7.270000 -0.012464
7.280000 -0.012467
7.290000 -0.012470
7.300000 -0.012472
7.310000 -0.012475
7.320000 -0.012477
7.330000 -0.012479
7.340000 -0.012480
7.350000 -0.012482
7.360000 -0.012483
7.370000 -0.012484
7.380000 -0.012485
7.390000 -0.012485
7.400000 -0.012486
7.410000 -0.012486
7.420000 -0.012486
7.430000 -0.012486
7.440000 -0.012486
7.450000 -0.012486
7.460000 -0.012485
7.470000 -0.012485
7.480000 -0.012484
7.490000 -0.012483
7.500000 -0.012482
7.510000 -0.012481
7.520000 -0.012480
7.530000 -0.012479
7.540000 -0.012478
7.550000 -0.012477
7.560000 -0.012476
7.570000 -0.012474
7.580000 -0.012473
7.590000 -0.012471
7.600000 -0.012470
7.610000 -0.012468
7.620000 -0.012466
7.630000 -0.012465
7.640000 -0.012463
7.650000 -0.012460
7.660000 -0.012458
7.670000 -0.012456
7.680000 -0.012453
7.690000 -0.012451
7.700000 -0.012448
7.710000 -0.012445
7.720000 -0.012442
7.730000 -0.012439
7.740000 -0.012436
7.750000 -0.012432
7.760000 -0.012429
7.770000 -0.012425
7.780000 -0.012422
7.790000 -0.012418
7.800000 -0.012414
7.810000 -0.012410
7.820000 -0.012406
7.830000 -0.012401
7.840000 -0.012397
7.850000 -0.012392
7.860000 -0.012388
7.870000 -0.012383
7.880000 -0.012378
7.890000 -0.012373
7.900000 -0.012368
7.910000 -0.012362
7.920000 -0.012357
7.930000 -0.012351
7.940000 -0.012345
7.950000 -0.012339
7.960000 -0.012333
7.970000 -0.012326
7.980000 -0.012320
7.990000 -0.012313
8.000000 -0.012306
8.010000 -0.012299
8.020000 -0.012292
8.030000 -0.012285
8.040000 -0.012278
8.050000 -0.012271
8.060000 -0.012264
8.070000 -0.012256
8.080000 -0.012249
8.090000 -0.012241
8.100000 -0.012233
8.110000 -0.012225
8.120000 -0.012217
8.130000 -0.012209
8.140000 -0.012201
8.150000 -0.012192
8.160000 -0.012184
8.170000 -0.012175
8.180000 -0.012166
8.190000 -0.012157
8.200000 -0.012147
8.210000 -0.012138
8.220000 -0.012128
8.230000 -0.012119
8.240000 -0.012109
8.250000 -0.012099
8.260000 -0.012089
8.270000 -0.012079
8.280000 -0.012068
8.290000 -0.012058
8.300000 -0.012047
8.310000 -0.012036
8.320000 -0.012025
8.330000 -0.012015
8.340000 -0.012004
8.350000 -0.011992
8.360000 -0.011981
8.370000 -0.011970
8.380000 -0.011959
8.390000 -0.011948
8.400000 -0.011937
8.410000 -0.011926
8.420000 -0.011915
8.430000 -0.011905
8.440000 -0.011894
8.450000 -0.011883
8.460000 -0.011873
8.470000 -0.011862
8.480000 -0.011851
8.490000 -0.011841
8.500000 -0.011830
8.510000 -0.011819
8.520000 -0.011808
8.530000 -0.011797
8.540000 -0.011785
8.550000 -0.011774
8.560000 -0.011762
8.570000 -0.011751
8.580000 -0.011739
8.590000 -0.011726
8.600000 -0.011714
8.610000 -0.011702
8.620000 -0.011689
8.630000 -0.011676
8.640000 -0.011663
8.650000 -0.011650
8.660000 -0.011636
8.670000 -0.011623
8.680000 -0.011609
8.690000 -0.011595
8.700000 -0.011581
8.710000 -0.011567
8.720000 -0.011553
8.730000 -0.011538
8.740000 -0.011524
8.750000 -0.011509
8.760000 -0.011494
8.770000 -0.011480
8.780000 -0.011465
8.790000 -0.011450
8.800000 -0.011434
8.810000 -0.011419
8.820000 -0.011404
8.830000 -0.011388
8.840000 -0.011373
8.850000 -0.011357
8.860000 -0.011341
8.870000 -0.011325
8.880000 -0.011309
8.890000 -0.011293
8.900000 -0.011277
8.910000 -0.011261
8.920000 -0.011245
8.930000 -0.011229
8.940000 -0.011212
8.950000 -0.011196
8.960000 -0.011179
8.970000 -0.011162
8.980000 -0.011146
8.990000 -0.011129
9.000000 -0.011112
9.010000 -0.011095
9.020000 -0.011078
9.030000 -0.011061
9.040000 -0.011044
9.050000 -0.011026
9.060000 -0.011009
9.070000 -0.010992
9.080000 -0.010974
9.090000 -0.010957
9.100000 -0.010939
9.110000 -0.010921
9.120000 -0.010904
9.130000 -0.010886
9.140000 -0.010868
9.150000 -0.010850
9.160000 -0.010832
9.170000 -0.010814
9.180000 -0.010796
9.190000 -0.010778
9.200000 -0.010760
9.210000 -0.010742
9.220000 -0.010724
9.230000 -0.010706
9.240000 -0.010688
9.250000 -0.010670
9.260000 -0.010652
9.270000 -0.010634
9.280000 -0.010616
9.290000 -0.010598
9.300000 -0.010581
9.310000 -0.010563
9.320000 -0.010545
9.330000 -0.010528
9.340000 -0.010510
9.350000 -0.010493
9.360000 -0.010476
9.370000 -0.010458
9.380000 -0.010441
9.390000 -0.010424
9.400000 -0.010407
9.410000 -0.010391
9.420000 -0.010374
9.430000 -0.010357
9.440000 -0.010341
9.450000 -0.010324
9.460000 -0.010308
9.470000 -0.010291
9.480000 -0.010275
9.490000 -0.010259
9.500000 -0.010242
9.510000 -0.010226
9.520000 -0.010210
9.530000 -0.010194
9.540000 -0.010178
9.550000 -0.010162
9.560000 -0.010146
9.570000 -0.010130
9.580000 -0.010114
9.590000 -0.010098
9.600000 -0.010082
9.610000 -0.010065
9.620000 -0.010049
9.630000 -0.010033
9.640000 -0.010017
9.650000 -0.010001
9.660000 -0.009985
9.670000 -0.009969
9.680000 -0.009953
9.690000 -0.009937
9.700000 -0.009921
9.710000 -0.009905
9.720000 -0.009889
9.730000 -0.009873
9.740000 -0.009857
9.750000 -0.009841
9.760000 -0.009825
9.770000 -0.009809
9.780000 -0.009793
9.790000 -0.009777
9.800000 -0.009760
9.810000 -0.009744
9.820000 -0.009728
9.830000 -0.009712
9.840000 -0.009696
9.850000 -0.009680
9.860000 -0.009663
9.870000 -0.009647
9.880000 -0.009630
9.890000 -0.009614
9.900000 -0.009597
9.910000 -0.009581
9.920000 -0.009564
9.930000 -0.009547
9.940000 -0.009530
9.950000 -0.009513
9.960000 -0.009497
9.970000 -0.009480
9.980000 -0.009463
9.990000 -0.009446
10.000000 -0.009429
10.010000 -0.009412
10.020000 -0.009394
10.030000 -0.009377
10.040000 -0.009360
10.050000 -0.009343
10.060000 -0.009326
10.070000 -0.009308
10.080000 -0.009291
10.090000 -0.009274
10.100000 -0.009256
10.110000 -0.009239
10.120000 -0.009221
10.130000 -0.009204
10.140000 -0.009187
10.150000 -0.009169
10.160000 -0.009152
10.170000 -0.009135
10.180000 -0.009117
10.190000 -0.009100
10.200000 -0.009083
10.210000 -0.009065
10.220000 -0.009047
10.230000 -0.009030
10.240000 -0.009012
10.250000 -0.008994
10.260000 -0.008977
10.270000 -0.008959
10.280000 -0.008941
10.290000 -0.008923
10.300000 -0.008905
10.310000 -0.008887
10.320000 -0.008869
10.330000 -0.008851
10.340000 -0.008833
10.350000 -0.008815
10.360000 -0.008797
10.370000 -0.008778
10.380000 -0.008760
10.390000 -0.008742
10.400000 -0.008723
10.410000 -0.008705
10.420000 -0.008687
10.430000 -0.008668
10.440000 -0.008650
10.450000 -0.008631
10.460000 -0.008613
10.470000 -0.008595
10.480000 -0.008577
10.490000 -0.008558
10.500000 -0.008540
10.510000 -0.008522
10.520000 -0.008504
10.530000 -0.008486
10.540000 -0.008468
10.550000 -0.008450
10.560000 -0.008432
10.570000 -0.008414
10.580000 -0.008396
10.590000 -0.008378
10.600000 -0.008360
10.610000 -0.008342
10.620000 -0.008324
10.630000 -0.008306
10.640000 -0.008288
10.650000 -0.008270
10.660000 -0.008252
10.670000 -0.008235
10.680000 -0.008217
10.690000 -0.008199
10.700000 -0.008181
10.710000 -0.008162
10.720000 -0.008144
10.730000 -0.008126
10.740000 -0.008108
10.750000 -0.008090
10.760000 -0.008071
10.770000 -0.008053
10.780000 -0.008034
10.790000 -0.008016
10.800000 -0.007997
10.810000 -0.007979
10.820000 -0.007960
10.830000 -0.007941
10.840000 -0.007923
10.850000 -0.007904
10.860000 -0.007886
10.870000 -0.007867
10.880000 -0.007849
10.890000 -0.007830
10.900000 -0.007812
10.910000 -0.007793
10.920000 -0.007775
10.930000 -0.007757
10.940000 -0.007739
10.950000 -0.007721
10.960000 -0.007703
10.970000 -0.007685
10.980000 -0.007668
10.990000 -0.007650
11.000000 -0.007632
11.010000 -0.007615
11.020000 -0.007598
11.030000 -0.007580
11.040000 -0.007563
11.050000 -0.007546
11.060000 -0.007529
11.070000 -0.007512
11.080000 -0.007495
11.090000 -0.007478
11.100000 -0.007461
11.110000 -0.007444
11.120000 -0.007427
11.130000 -0.007410
11.140000 -0.007393
11.150000 -0.007376
11.160000 -0.007359
11.170000 -0.007343
11.180000 -0.007326
11.190000 -0.007309
11.200000 -0.007292
11.210000 -0.007275
11.220000 -0.007258
11.230000 -0.007241
11.240000 -0.007224
11.250000 -0.007207
11.260000 -0.007190
11.270000 -0.007173
11.280000 -0.007156
11.290000 -0.007139
11.300000 -0.007122
11.310000 -0.007105
11.320000 -0.007088
11.330000 -0.007071
11.340000 -0.007054
11.350000 -0.007037
11.360000 -0.007020
11.370000 -0.007002
11.380000 -0.006985
11.390000 -0.006967
11.400000 -0.006950
11.410000 -0.006932
11.420000 -0.006915
11.430000 -0.006897
11.440000 -0.006879
11.450000 -0.006861
11.460000 -0.006843
11.470000 -0.006825
11.480000 -0.006807
11.490000 -0.006789
11.500000 -0.006771
11.510000 -0.006753
11.520000 -0.006734
11.530000 -0.006716
11.540000 -0.006698
11.550000 -0.006680
11.560000 -0.006661
11.570000 -0.006643
11.580000 -0.006625
11.590000 -0.006607
11.600000 -0.006589
11.610000 -0.006570
11.620000 -0.006552
11.630000 -0.006534
11.640000 -0.006516
11.650000 -0.006498
11.660000 -0.006480
11.670000 -0.006462
11.680000 -0.006444
11.690000 -0.006426
11.700000 -0.006408
11.710000 -0.006390
11.720000 -0.006372
11.730000 -0.006355
11.740000 -0.006337
11.750000 -0.006319
11.760000 -0.006301
11.770000 -0.006283
11.780000 -0.006266
11.790000 -0.006248
11.800000 -0.006230
11.810000 -0.006213
11.820000 -0.006196
11.830000 -0.006178
11.840000 -0.006161
11.850000 -0.006144
11.860000 -0.006127
11.870000 -0.006110
11.880000 -0.006094
11.890000 -0.006077
11.900000 -0.006060
11.910000 -0.006044
11.920000 -0.006027
11.930000 -0.006010
11.940000 -0.005994
11.950000 -0.005977
11.960000 -0.005961
11.970000 -0.005944
11.980000 -0.005928
11.990000 -0.005911
12.000000 -0.005894
12.010000 -0.005878
12.020000 -0.005861
12.030000 -0.005844
12.040000 -0.005828
12.050000 -0.005811
12.060000 -0.005794
12.070000 -0.005777
12.080000 -0.005760
12.090000 -0.005744
12.100000 -0.005727
12.110000 -0.005710
12.120000 -0.005694
12.130000 -0.005677
12.140000 -0.005661
12.150000 -0.005645
12.160000 -0.005628
12.170000 -0.005612
12.180000 -0.005596
12.190000 -0.005580
12.200000 -0.005564
12.210000 -0.005549
12.220000 -0.005533
12.230000 -0.005517
12.240000 -0.005502
12.250000 -0.005486
12.260000 -0.005471
12.270000 -0.005455
12.280000 -0.005440
12.290000 -0.005424
12.300000 -0.005409
12.310000 -0.005394
12.320000 -0.005378
12.330000 -0.005363
12.340000 -0.005348
12.350000 -0.005333
12.360000 -0.005318
12.370000 -0.005303
12.380000 -0.005288
12.390000 -0.005273
12.400000 -0.005258
12.410000 -0.005243
12.420000 -0.005228
12.430000 -0.005213
12.440000 -0.005198
12.450000 -0.005183
12.460000 -0.005168
12.470000 -0.005153
12.480000 -0.005138
12.490000 -0.005123
12.500000 -0.005108
12.510000 -0.005092
12.520000 -0.005077
12.530000 -0.005062
12.540000 -0.005046
12.550000 -0.005031
12.560000 -0.005015
12.570000 -0.005000
12.580000 -0.004985
12.590000 -0.004969
12.600000 -0.004954
12.610000 -0.004938
12.620000 -0.004923
12.630000 -0.004908
12.640000 -0.004892
12.650000 -0.004877
12.660000 -0.004861
12.670000 -0.004846
12.680000 -0.004830
12.690000 -0.004814
12.700000 -0.004799
12.710000 -0.004783
12.720000 -0.004768
12.730000 -0.004752
12.740000 -0.004737
12.750000 -0.004722
12.760000 -0.004706
12.770000 -0.004691
12.780000 -0.004676
12.790000 -0.004661
12.800000 -0.004646
12.810000 -0.004631
12.820000 -0.004617
12.830000 -0.004602
12.840000 -0.004588
12.850000 -0.004573
12.860000 -0.004559
12.870000 -0.004545
12.880000 -0.004532
12.890000 -0.004518
12.900000 -0.004504
12.910000 -0.004491
12.920000 -0.004477
12.930000 -0.004464
12.940000 -0.004451
12.950000 -0.004438
12.960000 -0.004425
12.970000 -0.004412
12.980000 -0.004399
12.990000 -0.004386
13.000000 -0.004374
13.010000 -0.004361
13.020000 -0.004349
13.030000 -0.004336
13.040000 -0.004324
13.050000 -0.004312
13.060000 -0.004300
13.070000 -0.004288
13.080000 -0.004276
13.090000 -0.004264
13.100000 -0.004252
13.110000 -0.004240
13.120000 -0.004228
13.130000 -0.004216
13.140000 -0.004204
13.150000 -0.004192
13.160000 -0.004180
13.170000 -0.004168
13.180000 -0.004156
13.190000 -0.004145
13.200000 -0.004133
13.210000 -0.004121
13.220000 -0.004109
13.230000 -0.004097
13.240000 -0.004086
13.250000 -0.004074
13.260000 -0.004062
13.270000 -0.004050
13.280000 -0.004039
13.290000 -0.004027
13.300000 -0.004015
13.310000 -0.004004
13.320000 -0.003992
13.330000 -0.003980
13.340000 -0.003969
13.350000 -0.003957
13.360000 -0.003946
13.370000 -0.003935
13.380000 -0.003923
13.390000 -0.003912
13.400000 -0.003901
13.410000 -0.003890
13.420000 -0.003879
13.430000 -0.003868
13.440000 -0.003857
13.450000 -0.003845
13.460000 -0.003834
13.470000 -0.003823
13.480000 -0.003812
13.490000 -0.003801
13.500000 -0.003790
13.510000 -0.003779
13.520000 -0.003768
13.530000 -0.003757
13.540000 -0.003746
13.550000 -0.003735
13.560000 -0.003724
13.570000 -0.003713
13.580000 -0.003702
13.590000 -0.003691
13.600000 -0.003680
13.610000 -0.003669
13.620000 -0.003658
13.630000 -0.003647
13.640000 -0.003636
13.650000 -0.003625
13.660000 -0.003614
13.670000 -0.003603
13.680000 -0.003592
13.690000 -0.003581
13.700000 -0.003570
13.710000 -0.003559
13.720000 -0.003548
13.730000 -0.003537
13.740000 -0.003526
13.750000 -0.003515
13.760000 -0.003504
13.770000 -0.003493
13.780000 -0.003482
13.790000 -0.003471
13.800000 -0.003460
13.810000 -0.003450
13.820000 -0.003439
13.830000 -0.003428
13.840000 -0.003417
13.850000 -0.003406
13.860000 -0.003395
13.870000 -0.003384
13.880000 -0.003373
13.890000 -0.003363
13.900000 -0.003352
13.910000 -0.003341
13.920000 -0.003330
13.930000 -0.003319
13.940000 -0.003309
13.950000 -0.003298
13.960000 -0.003287
13.970000 -0.003277
13.980000 -0.003266
13.990000 -0.003256
14.000000 -0.003245
14.010000 -0.003235
14.020000 -0.003224
14.030000 -0.003214
14.040000 -0.003204
14.050000 -0.003194
14.060000 -0.003183
14.070000 -0.003173
14.080000 -0.003163
14.090000 -0.003153
14.100000 -0.003142
14.110000 -0.003132
14.120000 -0.003122
14.130000 -0.003111
14.140000 -0.003101
14.150000 -0.003090
14.160000 -0.003080
14.170000 -0.003069
14.180000 -0.003058
14.190000 -0.003048
14.200000 -0.003037
14.210000 -0.003026
14.220000 -0.003016
14.230000 -0.003005
14.240000 -0.002994
14.250000 -0.002983
14.260000 -0.002973
14.270000 -0.002962
14.280000 -0.002952
14.290000 -0.002941
14.300000 -0.002931
14.310000 -0.002920
14.320000 -0.002910
14.330000 -0.002899
14.340000 -0.002889
14.350000 -0.002879
14.360000 -0.002868
14.370000 -0.002858
14.380000 -0.002848
14.390000 -0.002838
14.400000 -0.002828
14.410000 -0.002817
14.420000 -0.002807
14.430000 -0.002797
14.440000 -0.002787
14.450000 -0.002777
14.460000 -0.002768
14.470000 -0.002758
14.480000 -0.002748
14.490000 -0.002739
14.500000 -0.002729
14.510000 -0.002720
14.520000 -0.002711
14.530000 -0.002702
14.540000 -0.002692
14.550000 -0.002683
14.560000 -0.002674
14.570000 -0.002665
14.580000 -0.002656
14.590000 -0.002647
14.600000 -0.002637
14.610000 -0.002628
14.620000 -0.002619
14.630000 -0.002610
14.640000 -0.002601
14.650000 -0.002592
14.660000 -0.002583
14.670000 -0.002574
14.680000 -0.002565
14.690000 -0.002555
14.700000 -0.002546
14.710000 -0.002537
14.720000 -0.002528
14.730000 -0.002519
14.740000 -0.002509
14.750000 -0.002500
14.760000 -0.002491
14.770000 -0.002482
14.780000 -0.002472
14.790000 -0.002463
14.800000 -0.002454
14.810000 -0.002445
14.820000 -0.002436
14.830000 -0.002428
14.840000 -0.002419
14.850000 -0.002410
14.860000 -0.002401
14.870000 -0.002392
14.880000 -0.002383
14.890000 -0.002374
14.900000 -0.002366
14.910000 -0.002357
14.920000 -0.002348
14.930000 -0.002339
14.940000 -0.002331
14.950000 -0.002322
14.960000 -0.002314
14.970000 -0.002305
14.980000 -0.002297
14.990000 -0.002288
15.000000 -0.002280
15.010000 -0.002271
15.020000 -0.002263
15.030000 -0.002255
15.040000 -0.002247
15.050000 -0.002238
15.060000 -0.002230
15.070000 -0.002222
15.080000 -0.002214
15.090000 -0.002206
15.100000 -0.002198
15.110000 -0.002189
15.120000 -0.002181
15.130000 -0.002173
15.140000 -0.002165
15.150000 -0.002157
15.160000 -0.002149
15.170000 -0.002141
15.180000 -0.002133
15.190000 -0.002126
15.200000 -0.002118
15.210000 -0.002110
15.220000 -0.002102
15.230000 -0.002095
15.240000 -0.002087
15.250000 -0.002080
15.260000 -0.002072
15.270000 -0.002065
15.280000 -0.002058
15.290000 -0.002050
15.300000 -0.002043
15.310000 -0.002036
15.320000 -0.002029
15.330000 -0.002022
15.340000 -0.002015
15.350000 -0.002008
15.360000 -0.002001
15.370000 -0.001994
15.380000 -0.001987
15.390000 -0.001980
15.400000 -0.001973
15.410000 -0.001966
15.420000 -0.001959
15.430000 -0.001951
15.440000 -0.001944
15.450000 -0.001937
15.460000 -0.001929
15.470000 -0.001922
15.480000 -0.001914
15.490000 -0.001907
15.500000 -0.001899
15.510000 -0.001891
15.520000 -0.001884
15.530000 -0.001876
15.540000 -0.001868
15.550000 -0.001860
15.560000 -0.001853
15.570000 -0.001845
15.580000 -0.001837
15.590000 -0.001829
15.600000 -0.001821
15.610000 -0.001813
15.620000 -0.001805
15.630000 -0.001798
15.640000 -0.001790
15.650000 -0.001782
15.660000 -0.001774
15.670000 -0.001767
15.680000 -0.001759
15.690000 -0.001751
15.700000 -0.001744
15.710000 -0.001736
15.720000 -0.001728
15.730000 -0.001721
15.740000 -0.001713
15.750000 -0.001706
15.760000 -0.001698
15.770000 -0.001691
15.780000 -0.001683
15.790000 -0.001676
15.800000 -0.001668
15.810000 -0.001661
15.820000 -0.001653
15.830000 -0.001646
15.840000 -0.001638
15.850000 -0.001631
15.860000 -0.001623
15.870000 -0.001616
15.880000 -0.001608
15.890000 -0.001601
15.900000 -0.001593
15.910000 -0.001586
15.920000 -0.001578
15.930000 -0.001571
15.940000 -0.001563
15.950000 -0.001556
15.960000 -0.001548
15.970000 -0.001541
15.980000 -0.001533
15.990000 -0.001526
16.000000 -0.001519
16.010000 -0.001511
16.020000 -0.001504
16.030000 -0.001497
16.040000 -0.001490
16.050000 -0.001483
16.060000 -0.001476
16.070000 -0.001469
16.080000 -0.001462
16.090000 -0.001455
16.100000 -0.001448
16.110000 -0.001441
16.120000 -0.001435
16.130000 -0.001428
16.140000 -0.001421
16.150000 -0.001415
16.160000 -0.001409
16.170000 -0.001402
16.180000 -0.001396
16.190000 -0.001390
16.200000 -0.001383
16.210000 -0.001377
16.220000 -0.001371
16.230000 -0.001365
16.240000 -0.001359
16.250000 -0.001353
16.260000 -0.001346
16.270000 -0.001340
16.280000 -0.001334
16.290000 -0.001328
16.300000 -0.001322
16.310000 -0.001316
16.320000 -0.001310
16.330000 -0.001305
16.340000 -0.001299
16.350000 -0.001293
16.360000 -0.001287
16.370000 -0.001282
16.380000 -0.001276
16.390000 -0.001271
16.400000 -0.001265
16.410000 -0.001260
16.420000 -0.001255
16.430000 -0.001249
16.440000 -0.001244
16.450000 -0.001239
16.460000 -0.001234
16.470000 -0.001228
16.480000 -0.001223
16.490000 -0.001218
16.500000 -0.001213
16.510000 -0.001208
16.520000 -0.001203
16.530000 -0.001198
16.540000 -0.001193
16.550000 -0.001188
16.560000 -0.001183
16.570000 -0.001178
16.580000 -0.001173
16.590000 -0.001168
16.600000 -0.001163
16.610000 -0.001158
16.620000 -0.001153
16.630000 -0.001148
16.640000 -0.001143
16.650000 -0.001138
16.660000 -0.001133
16.670000 -0.001128
16.680000 -0.001123
16.690000 -0.001118
16.700000 -0.001114
16.710000 -0.001109
16.720000 -0.001105
16.730000 -0.001100
16.740000 -0.001096
16.750000 -0.001092
16.760000 -0.001087
16.770000 -0.001083
16.780000 -0.001079
16.790000 -0.001075
16.800000 -0.001071
16.810000 -0.001067
16.820000 -0.001063
16.830000 -0.001059
16.840000 -0.001055
16.850000 -0.001051
16.860000 -0.001047
16.870000 -0.001043
16.880000 -0.001039
16.890000 -0.001035
16.900000 -0.001031
16.910000 -0.001027
16.920000 -0.001023
16.930000 -0.001019
16.940000 -0.001015
16.950000 -0.001011
16.960000 -0.001007
16.970000 -0.001003
16.980000 -0.000999
16.990000 -0.000995
17.000000 -0.000990
17.010000 -0.000986
17.020000 -0.000982
17.030000 -0.000978
17.040000 -0.000973
17.050000 -0.000969
17.060000 -0.000965
17.070000 -0.000960
17.080000 -0.000956
17.090000 -0.000951
17.100000 -0.000947
17.110000 -0.000942
17.120000 -0.000938
17.130000 -0.000933
17.140000 -0.000929
17.150000 -0.000925
17.160000 -0.000920
17.170000 -0.000916
17.180000 -0.000911
17.190000 -0.000907
17.200000 -0.000902
17.210000 -0.000898
17.220000 -0.000894
17.230000 -0.000889
17.240000 -0.000885
17.250000 -0.000881
17.260000 -0.000876
17.270000 -0.000872
17.280000 -0.000868
17.290000 -0.000863
17.300000 -0.000859
17.310000 -0.000855
17.320000 -0.000851
17.330000 -0.000847
17.340000 -0.000843
17.350000 -0.000839
17.360000 -0.000836
17.370000 -0.000832
17.380000 -0.000828
17.390000 -0.000824
17.400000 -0.000821
17.410000 -0.000817
17.420000 -0.000814
17.430000 -0.000810
17.440000 -0.000807
17.450000 -0.000803
17.460000 -0.000800
17.470000 -0.000796
17.480000 -0.000793
17.490000 -0.000789
17.500000 -0.000786
17.510000 -0.000782
17.520000 -0.000779
17.530000 -0.000775
17.540000 -0.000771
17.550000 -0.000767
17.560000 -0.000763
17.570000 -0.000759
17.580000 -0.000755
17.590000 -0.000751
17.600000 -0.000746
17.610000 -0.000742
17.620000 -0.000737
17.630000 -0.000733
17.640000 -0.000728
17.650000 -0.000723
17.660000 -0.000719
17.670000 -0.000714
17.680000 -0.000709
17.690000 -0.000704
17.700000 -0.000699
17.710000 -0.000694
17.720000 -0.000689
17.730000 -0.000684
17.740000 -0.000679
17.750000 -0.000674
17.760000 -0.000668
17.770000 -0.000663
17.780000 -0.000658
17.790000 -0.000653
17.800000 -0.000648
17.810000 -0.000643
17.820000 -0.000637
17.830000 -0.000632
17.840000 -0.000627
17.850000 -0.000622
17.860000 -0.000617
17.870000 -0.000612
17.880000 -0.000606
17.890000 -0.000601
17.900000 -0.000596
17.910000 -0.000591
17.920000 -0.000585
17.930000 -0.000580
17.940000 -0.000575
17.950000 -0.000569
17.960000 -0.000564
17.970000 -0.000559
17.980000 -0.000553
17.990000 -0.000547
18.000000 -0.000542
18.010000 -0.000536
18.020000 -0.000530
18.030000 -0.000525
18.040000 -0.000519
18.050000 -0.000513
18.060000 -0.000507
18.070000 -0.000501
18.080000 -0.000495
18.090000 -0.000489
18.100000 -0.000483
18.110000 -0.000477
18.120000 -0.000471
18.130000 -0.000465
18.140000 -0.000459
18.150000 -0.000454
18.160000 -0.000448
18.170000 -0.000443
18.180000 -0.000438
18.190000 -0.000433
18.200000 -0.000427
18.210000 -0.000422
18.220000 -0.000417
18.230000 -0.000412
18.240000 -0.000407
18.250000 -0.000402
18.260000 -0.000398
18.270000 -0.000393
18.280000 -0.000388
18.290000 -0.000383
18.300000 -0.000378
18.310000 -0.000373
18.320000 -0.000368
18.330000 -0.000363
18.340000 -0.000359
18.350000 -0.000354
18.360000 -0.000349
18.370000 -0.000345
18.380000 -0.000340
18.390000 -0.000336
18.400000 -0.000331
18.410000 -0.000327
18.420000 -0.000322
18.430000 -0.000318
18.440000 -0.000313
18.450000 -0.000309
18.460000 -0.000305
18.470000 -0.000300
18.480000 -0.000296
18.490000 -0.000291
18.500000 -0.000286
18.510000 -0.000282
18.520000 -0.000277
18.530000 -0.000272
18.540000 -0.000268
18.550000 -0.000263
18.560000 -0.000258
18.570000 -0.000253
18.580000 -0.000248
18.590000 -0.000244
18.600000 -0.000239
18.610000 -0.000234
18.620000 -0.000229
18.630000 -0.000225
18.640000 -0.000220
18.650000 -0.000216
18.660000 -0.000211
18.670000 -0.000207
18.680000 -0.000203
18.690000 -0.000199
18.700000 -0.000195
18.710000 -0.000191
18.720000 -0.000187
18.730000 -0.000184
18.740000 -0.000180
18.750000 -0.000177
18.760000 -0.000173
18.770000 -0.000170
18.780000 -0.000166
18.790000 -0.000163
18.800000 -0.000159
18.810000 -0.000156
18.820000 -0.000152
18.830000 -0.000149
18.840000 -0.000145
18.850000 -0.000142
18.860000 -0.000138
18.870000 -0.000134
18.880000 -0.000131
18.890000 -0.000127
18.900000 -0.000123
18.910000 -0.000120
18.920000 -0.000116
18.930000 -0.000112
18.940000 -0.000109
18.950000 -0.000105
18.960000 -0.000102
18.970000 -0.000098
18.980000 -0.000095
18.990000 -0.000092
19.000000 -0.000088
19.010000 -0.000085
19.020000 -0.000082
19.030000 -0.000078
19.040000 -0.000075
19.050000 -0.000072
19.060000 -0.000068
19.070000 -0.000065
19.080000 -0.000061
19.090000 -0.000058
19.100000 -0.000054
19.110000 -0.000051
19.120000 -0.000047
19.130000 -0.000044
19.140000 -0.000040
19.150000 -0.000037
19.160000 -0.000033
19.170000 -0.000030
19.180000 -0.000026
19.190000 -0.000022
19.200000 -0.000019
19.210000 -0.000015
19.220000 -0.000011
19.230000 -0.000008
19.240000 -0.000004
19.250000 -0.000000
19.260000 0.000004
19.270000 0.000007
19.280000 0.000011
19.290000 0.000015
19.300000 0.000018
19.310000 0.000022
19.320000 0.000025
19.330000 0.000028
19.340000 0.000032
19.350000 0.000035
19.360000 0.000038
19.370000 0.000041
19.380000 0.000044
19.390000 0.000047
19.400000 0.000049
19.410000 0.000052
19.420000 0.000054
19.430000 0.000057
19.440000 0.000059
19.450000 0.000062
19.460000 0.000064
19.470000 0.000067
19.480000 0.000069
19.490000 0.000071
19.500000 0.000074
19.510000 0.000076
19.520000 0.000078
19.530000 0.000081
19.540000 0.000083
19.550000 0.000086
19.560000 0.000088
19.570000 0.000091
19.580000 0.000093
19.590000 0.000096
19.600000 0.000098
19.610000 0.000101
19.620000 0.000103
19.630000 0.000106
19.640000 0.000108
19.650000 0.000111
19.660000 0.000113
19.670000 0.000116
19.680000 0.000119
19.690000 0.000121
19.700000 0.000124
19.710000 0.000126
19.720000 0.000129
19.730000 0.000132
19.740000 0.000135
19.750000 0.000137
19.760000 0.000140
19.770000 0.000143
19.780000 0.000146
19.790000 0.000149
19.800000 0.000152
19.810000 0.000155
19.820000 0.000158
19.830000 0.000161
19.840000 0.000164
19.850000 0.000168
19.860000 0.000171
19.870000 0.000174
19.880000 0.000177
19.890000 0.000181
19.900000 0.000184
19.910000 0.000187
19.920000 0.000191
19.930000 0.000194
19.940000 0.000197
19.950000 0.000201
19.960000 0.000204
19.970000 0.000207
19.980000 0.000211
19.990000 0.000214
20.000000 0.000217
20.010000 0.000220
20.020000 0.000223
20.030000 0.000227
20.040000 0.000230
20.050000 0.000233
20.060000 0.000236
20.070000 0.000239
20.080000 0.000242
20.090000 0.000244
20.100000 0.000247
20.110000 0.000250
20.120000 0.000253
20.130000 0.000256
20.140000 0.000258
20.150000 0.000261
20.160000 0.000264
20.170000 0.000266
20.180000 0.000269
20.190000 0.000271
20.200000 0.000274
20.210000 0.000276
20.220000 0.000279
20.230000 0.000281
20.240000 0.000283
20.250000 0.000286
20.260000 0.000288
20.270000 0.000290
20.280000 0.000292
20.290000 0.000294
20.300000 0.000296
20.310000 0.000298
20.320000 0.000300
20.330000 0.000302
20.340000 0.000304
20.350000 0.000306
20.360000 0.000308
20.370000 0.000310
20.380000 0.000312
20.390000 0.000314
20.400000 0.000316
20.410000 0.000318
20.420000 0.000320
20.430000 0.000322
20.440000 0.000324
20.450000 0.000326
20.460000 0.000328
20.470000 0.000330
20.480000 0.000332
20.490000 0.000334
20.500000 0.000336
20.510000 0.000337
20.520000 0.000339
20.530000 0.000340
20.540000 0.000342
20.550000 0.000343
20.560000 0.000344
20.570000 0.000346
20.580000 0.000347
20.590000 0.000348
20.600000 0.000348
20.610000 0.000349
20.620000 0.000350
20.630000 0.000351
20.640000 0.000352
20.650000 0.000352
20.660000 0.000353
20.670000 0.000354
20.680000 0.000354
20.690000 0.000355
20.700000 0.000356
20.710000 0.000357
20.720000 0.000357
20.730000 0.000358
20.740000 0.000359
20.750000 0.000360
20.760000 0.000361
20.770000 0.000362
20.780000 0.000363
20.790000 0.000364
20.800000 0.000364
20.810000 0.000365
20.820000 0.000366
20.830000 0.000367
20.840000 0.000368
20.850000 0.000368
20.860000 0.000369
20.870000 0.000369
20.880000 0.000370
20.890000 0.000370
20.900000 0.000370
20.910000 0.000371
20.920000 0.000371
20.930000 0.000371
20.940000 0.000371
20.950000 0.000371
20.960000 0.000371
20.970000 0.000371
20.980000 0.000371
20.990000 0.000371
21.000000 0.000371
21.010000 0.000371
21.020000 0.000371
21.030000 0.000371
21.040000 0.000371
21.050000 0.000371
21.060000 0.000372
21.070000 0.000372
21.080000 0.000372
21.090000 0.000372
21.100000 0.000372
21.110000 0.000372
21.120000 0.000373
21.130000 0.000373
21.140000 0.000373
21.150000 0.000374
21.160000 0.000374
21.170000 0.000374
21.180000 0.000374
21.190000 0.000375
21.200000 0.000375
21.210000 0.000375
21.220000 0.000375
21.230000 0.000375
21.240000 0.000375
21.250000 0.000375
21.260000 0.000374
21.270000 0.000374
21.280000 0.000373
21.290000 0.000373
21.300000 0.000372
21.310000 0.000371
21.320000 0.000370
21.330000 0.000369
21.340000 0.000368
21.350000 0.000366
21.360000 0.000365
21.370000 0.000363
21.380000 0.000362
21.390000 0.000360
21.400000 0.000358
21.410000 0.000357
21.420000 0.000355
21.430000 0.000354
21.440000 0.000352
21.450000 0.000351
21.460000 0.000349
21.470000 0.000348
21.480000 0.000346
21.490000 0.000345
21.500000 0.000344
21.510000 0.000343
21.520000 0.000342
21.530000 0.000340
21.540000 0.000339
21.550000 0.000338
21.560000 0.000337
21.570000 0.000337
21.580000 0.000336
21.590000 0.000335
21.600000 0.000334
21.610000 0.000333
21.620000 0.000333
21.630000 0.000332
21.640000 0.000331
21.650000 0.000330
21.660000 0.000330
21.670000 0.000329
21.680000 0.000328
21.690000 0.000327
21.700000 0.000327
21.710000 0.000326
21.720000 0.000325
21.730000 0.000324
21.740000 0.000324
21.750000 0.000323
21.760000 0.000322
21.770000 0.000322
21.780000 0.000321
21.790000 0.000320
21.800000 0.000320
21.810000 0.000319
21.820000 0.000318
21.830000 0.000318
21.840000 0.000317
21.850000 0.000316
21.860000 0.000316
21.870000 0.000315
21.880000 0.000314
21.890000 0.000314
21.900000 0.000313
21.910000 0.000312
21.920000 0.000312
21.930000 0.000311
21.940000 0.000310
21.950000 0.000309
21.960000 0.000308
21.970000 0.000307
21.980000 0.000306
21.990000 0.000305
22.000000 0.000304
22.010000 0.000302
22.020000 0.000301
22.030000 0.000299
22.040000 0.000298
22.050000 0.000296
22.060000 0.000294
22.070000 0.000293
22.080000 0.000291
22.090000 0.000289
22.100000 0.000287
22.110000 0.000285
22.120000 0.000283
22.130000 0.000282
22.140000 0.000280
22.150000 0.000278
22.160000 0.000276
22.170000 0.000274
22.180000 0.000273
22.190000 0.000271
22.200000 0.000269
22.210000 0.000268
22.220000 0.000266
22.230000 0.000265
22.240000 0.000263
22.250000 0.000261
22.260000 0.000260
22.270000 0.000258
22.280000 0.000257
22.290000 0.000255
22.300000 0.000254
22.310000 0.000252
22.320000 0.000250
22.330000 0.000248
22.340000 0.000247
22.350000 0.000245
22.360000 0.000243
22.370000 0.000241
22.380000 0.000239
22.390000 0.000237
22.400000 0.000235
22.410000 0.000233
22.420000 0.000231
22.430000 0.000230
22.440000 0.000228
22.450000 0.000226
22.460000 0.000224
22.470000 0.000222
22.480000 0.000221
22.490000 0.000219
22.500000 0.000217
22.510000 0.000216
22.520000 0.000214
22.530000 0.000212
22.540000 0.000211
22.550000 0.000209
22.560000 0.000207
22.570000 0.000206
22.580000 0.000204
22.590000 0.000203
22.600000 0.000201
22.610000 0.000199
22.620000 0.000198
22.630000 0.000196
22.640000 0.000195
22.650000 0.000193
22.660000 0.000192
22.670000 0.000190
22.680000 0.000189
22.690000 0.000188
22.700000 0.000186
22.710000 0.000185
22.720000 0.000183
22.730000 0.000182
22.740000 0.000181
22.750000 0.000180
22.760000 0.000178
22.770000 0.000177
22.780000 0.000176
22.790000 0.000175
22.800000 0.000174
22.810000 0.000172
22.820000 0.000171
22.830000 0.000170
22.840000 0.000170
22.850000 0.000169
22.860000 0.000168
22.870000 0.000167
22.880000 0.000166
22.890000 0.000165
22.900000 0.000165
22.910000 0.000164
22.920000 0.000164
22.930000 0.000163
22.940000 0.000163
22.950000 0.000163
22.960000 0.000162
22.970000 0.000162
22.980000 0.000162
22.990000 0.000162
23.000000 0.000162
23.010000 0.000163
23.020000 0.000163
23.030000 0.000163
23.040000 0.000163
23.050000 0.000164
23.060000 0.000164
23.070000 0.000164
23.080000 0.000165
23.090000 0.000165
23.100000 0.000165
23.110000 0.000166
23.120000 0.000166
23.130000 0.000166
23.140000 0.000167
23.150000 0.000167
23.160000 0.000167
23.170000 0.000168
23.180000 0.000168
23.190000 0.000169
23.200000 0.000170
23.210000 0.000170
23.220000 0.000171
23.230000 0.000172
23.240000 0.000172
23.250000 0.000173
23.260000 0.000174
23.270000 0.000175
23.280000 0.000175
23.290000 0.000176
23.300000 0.000177
23.310000 0.000178
23.320000 0.000179
23.330000 0.000179
23.340000 0.000180
23.350000 0.000181
23.360000 0.000182
23.370000 0.000183
23.380000 0.000184
23.390000 0.000185
23.400000 0.000186
23.410000 0.000186
23.420000 0.000187
23.430000 0.000188
23.440000 0.000189
23.450000 0.000189
23.460000 0.000190
23.470000 0.000191
23.480000 0.000191
23.490000 0.000192
23.500000 0.000192
23.510000 0.000192
23.520000 0.000192
23.530000 0.000193
23.540000 0.000193
23.550000 0.000193
23.560000 0.000193
23.570000 0.000193
23.580000 0.000194
23.590000 0.000194
23.600000 0.000194
23.610000 0.000195
23.620000 0.000195
23.630000 0.000195
23.640000 0.000196
23.650000 0.000196
23.660000 0.000197
23.670000 0.000197
23.680000 0.000198
23.690000 0.000198
23.700000 0.000199
23.710000 0.000200
23.720000 0.000201
23.730000 0.000202
23.740000 0.000203
23.750000 0.000204
23.760000 0.000205
23.770000 0.000206
23.780000 0.000207
23.790000 0.000208
23.800000 0.000209
23.810000 0.000210
23.820000 0.000212
23.830000 0.000213
23.840000 0.000214
23.850000 0.000216
23.860000 0.000217
23.870000 0.000219
23.880000 0.000220
23.890000 0.000222
23.900000 0.000223
23.910000 0.000224
23.920000 0.000226
23.930000 0.000227
23.940000 0.000229
23.950000 0.000230
23.960000 0.000231
23.970000 0.000233
23.980000 0.000234
23.990000 0.000235
24.000000 0.000236
24.010000 0.000238
24.020000 0.000239
24.030000 0.000240
24.040000 0.000241
24.050000 0.000242
24.060000 0.000243
24.070000 0.000244
24.080000 0.000245
24.090000 0.000246
24.100000 0.000247
24.110000 0.000248
24.120000 0.000249
24.130000 0.000250
24.140000 0.000251
24.150000 0.000252
24.160000 0.000253
24.170000 0.000253
24.180000 0.000254
24.190000 0.000255
24.200000 0.000256
24.210000 0.000257
24.220000 0.000257
24.230000 0.000258
24.240000 0.000259
24.250000 0.000260
24.260000 0.000260
24.270000 0.000261
24.280000 0.000262
24.290000 0.000262
24.300000 0.000263
24.310000 0.000264
24.320000 0.000265
24.330000 0.000265
24.340000 0.000266
24.350000 0.000266
24.360000 0.000267
24.370000 0.000268
24.380000 0.000268
24.390000 0.000269
24.400000 0.000269
24.410000 0.000269
24.420000 0.000270
24.430000 0.000270
24.440000 0.000271
24.450000 0.000271
24.460000 0.000271
24.470000 0.000272
24.480000 0.000272
24.490000 0.000273
24.500000 0.000273
24.510000 0.000273
24.520000 0.000274
24.530000 0.000274
24.540000 0.000274
24.550000 0.000275
24.560000 0.000275
24.570000 0.000275
24.580000 0.000275
24.590000 0.000276
24.600000 0.000276
24.610000 0.000276
24.620000 0.000276
24.630000 0.000276
24.640000 0.000277
24.650000 0.000277
24.660000 0.000277
24.670000 0.000278
24.680000 0.000278
24.690000 0.000279
24.700000 0.000279
24.710000 0.000280
24.720000 0.000280
24.730000 0.000281
24.740000 0.000282
24.750000 0.000282
24.760000 0.000283
24.770000 0.000283
24.780000 0.000284
24.790000 0.000284
24.800000 0.000285
24.810000 0.000285
24.820000 0.000285
24.830000 0.000286
24.840000 0.000286
24.850000 0.000286
24.860000 0.000286
24.870000 0.000286
24.880000 0.000286
24.890000 0.000286
24.900000 0.000286
24.910000 0.000286
24.920000 0.000286
24.930000 0.000286
24.940000 0.000286
24.950000 0.000286
24.960000 0.000286
24.970000 0.000286
24.980000 0.000286
24.990000 0.000286
25.000000 0.000286
25.010000 0.000286
25.020000 0.000286
25.030000 0.000286
25.040000 0.000286
25.050000 0.000287
25.060000 0.000287
25.070000 0.000287
25.080000 0.000287
25.090000 0.000288
25.100000 0.000288
25.110000 0.000288
25.120000 0.000288
25.130000 0.000288
25.140000 0.000288
25.150000 0.000288
25.160000 0.000288
25.170000 0.000287
25.180000 0.000287
25.190000 0.000286
25.200000 0.000286
25.210000 0.000285
25.220000 0.000285
25.230000 0.000284
25.240000 0.000284
25.250000 0.000283
25.260000 0.000283
25.270000 0.000282
25.280000 0.000282
25.290000 0.000281
25.300000 0.000281
25.310000 0.000280
25.320000 0.000280
25.330000 0.000279
25.340000 0.000279
25.350000 0.000278
25.360000 0.000278
25.370000 0.000278
25.380000 0.000277
25.390000 0.000277
25.400000 0.000276
25.410000 0.000276
25.420000 0.000276
25.430000 0.000275
25.440000 0.000275
25.450000 0.000275
25.460000 0.000275
25.470000 0.000275
25.480000 0.000275
25.490000 0.000275
25.500000 0.000276
25.510000 0.000276
25.520000 0.000276
25.530000 0.000276
25.540000 0.000277
25.550000 0.000277
25.560000 0.000277
25.570000 0.000278
25.580000 0.000278
25.590000 0.000278
25.600000 0.000279
25.610000 0.000279
25.620000 0.000279
25.630000 0.000279
25.640000 0.000279
25.650000 0.000280
25.660000 0.000280
25.670000 0.000280
25.680000 0.000280
25.690000 0.000280
25.700000 0.000280
25.710000 0.000279
25.720000 0.000279
25.730000 0.000279
25.740000 0.000279
25.750000 0.000279
25.760000 0.000278
25.770000 0.000278
25.780000 0.000278
25.790000 0.000277
25.800000 0.000277
25.810000 0.000276
25.820000 0.000276
25.830000 0.000275
25.840000 0.000275
25.850000 0.000274
25.860000 0.000274
25.870000 0.000273
25.880000 0.000272
25.890000 0.000272
25.900000 0.000271
25.910000 0.000271
25.920000 0.000270
25.930000 0.000270
25.940000 0.000269
25.950000 0.000269
25.960000 0.000268
25.970000 0.000268
25.980000 0.000267
25.990000 0.000267
26.000000 0.000267
26.010000 0.000266
26.020000 0.000266
26.030000 0.000266
26.040000 0.000265
26.050000 0.000265
26.060000 0.000265
26.070000 0.000265
26.080000 0.000265
26.090000 0.000265
26.100000 0.000265
26.110000 0.000265
26.120000 0.000265
26.130000 0.000265
26.140000 0.000265
26.150000 0.000266
26.160000 0.000266
26.170000 0.000266
26.180000 0.000266
26.190000 0.000266
26.200000 0.000266
26.210000 0.000266
26.220000 0.000267
26.230000 0.000267
26.240000 0.000267
26.250000 0.000267
26.260000 0.000268
26.270000 0.000268
26.280000 0.000268
26.290000 0.000269
26.300000 0.000269
26.310000 0.000270
26.320000 0.000270
26.330000 0.000271
26.340000 0.000272
26.350000 0.000272
26.360000 0.000273
26.370000 0.000274
26.380000 0.000275
26.390000 0.000276
26.400000 0.000278
26.410000 0.000279
26.420000 0.000280
26.430000 0.000281
26.440000 0.000282
26.450000 0.000284
26.460000 0.000285
26.470000 0.000286
26.480000 0.000287
26.490000 0.000289
26.500000 0.000290
26.510000 0.000291
26.520000 0.000292
26.530000 0.000293
26.540000 0.000294
26.550000 0.000295
26.560000 0.000296
26.570000 0.000297
26.580000 0.000298
26.590000 0.000299
26.600000 0.000300
26.610000 0.000301
26.620000 0.000302
26.630000 0.000302
26.640000 0.000303
26.650000 0.000304
26.660000 0.000305
26.670000 0.000306
26.680000 0.000307
26.690000 0.000308
26.700000 0.000309
26.710000 0.000310
26.720000 0.000311
26.730000 0.000311
26.740000 0.000312
26.750000 0.000313
26.760000 0.000313
26.770000 0.000314
26.780000 0.000314
26.790000 0.000315
26.800000 0.000315
26.810000 0.000316
26.820000 0.000316
26.830000 0.000317
26.840000 0.000317
26.850000 0.000317
26.860000 0.000318
26.870000 0.000318
26.880000 0.000318
26.890000 0.000319
26.900000 0.000319
26.910000 0.000319
26.920000 0.000320
26.930000 0.000320
26.940000 0.000320
26.950000 0.000321
26.960000 0.000321
26.970000 0.000321
26.980000 0.000321
26.990000 0.000322
27.000000 0.000322
27.010000 0.000322
27.020000 0.000322
27.030000 0.000322
27.040000 0.000322
27.050000 0.000322
27.060000 0.000323
27.070000 0.000323
27.080000 0.000323
27.090000 0.000323
27.100000 0.000323
27.110000 0.000323
27.120000 0.000323
27.130000 0.000323
27.140000 0.000323
27.150000 0.000323
27.160000 0.000322
27.170000 0.000322
27.180000 0.000321
27.190000 0.000321
27.200000 0.000320
27.210000 0.000319
27.220000 0.000319
27.230000 0.000318
27.240000 0.000317
27.250000 0.000316
27.260000 0.000315
27.270000 0.000314
27.280000 0.000313
27.290000 0.000312
27.300000 0.000311
27.310000 0.000310
27.320000 0.000309
27.330000 0.000308
27.340000 0.000307
27.350000 0.000306
27.360000 0.000305
27.370000 0.000304
27.380000 0.000303
27.390000 0.000302
27.400000 0.000301
27.410000 0.000300
27.420000 0.000299
27.430000 0.000297
27.440000 0.000296
27.450000 0.000295
27.460000 0.000293
27.470000 0.000292
27.480000 0.000291
27.490000 0.000289
27.500000 0.000288
27.510000 0.000286
27.520000 0.000285
27.530000 0.000283
27.540000 0.000281
27.550000 0.000280
27.560000 0.000278
27.570000 0.000277
27.580000 0.000276
27.590000 0.000274
27.600000 0.000273
27.610000 0.000272
27.620000 0.000270
27.630000 0.000269
27.640000 0.000268
27.650000 0.000267
27.660000 0.000266
27.670000 0.000265
27.680000 0.000263
27.690000 0.000262
27.700000 0.000261
27.710000 0.000260
27.720000 0.000259
27.730000 0.000258
27.740000 0.000256
27.750000 0.000255
27.760000 0.000254
27.770000 0.000252
27.780000 0.000251
27.790000 0.000249
27.800000 0.000247
27.810000 0.000245
27.820000 0.000244
27.830000 0.000242
27.840000 0.000240
27.850000 0.000238
27.860000 0.000236
27.870000 0.000234
27.880000 0.000232
27.890000 0.000230
27.900000 0.000228
27.910000 0.000226
27.920000 0.000224
27.930000 0.000222
27.940000 0.000220
27.950000 0.000218
27.960000 0.000217
27.970000 0.000215
27.980000 0.000213
27.990000 0.000212
28.000000 0.000210
28.010000 0.000209
28.020000 0.000208
28.030000 0.000206
28.040000 0.000205
28.050000 0.000204
28.060000 0.000202
28.070000 0.000201
28.080000 0.000200
28.090000 0.000198
28.100000 0.000197
28.110000 0.000195
28.120000 0.000194
28.130000 0.000192
28.140000 0.000191
28.150000 0.000189
28.160000 0.000188
28.170000 0.000186
28.180000 0.000184
28.190000 0.000182
28.200000 0.000180
28.210000 0.000178
28.220000 0.000176
28.230000 0.000174
28.240000 0.000172
28.250000 0.000170
28.260000 0.000168
28.270000 0.000165
28.280000 0.000163
28.290000 0.000160
28.300000 0.000158
28.310000 0.000155
28.320000 0.000152
28.330000 0.000149
28.340000 0.000146
28.350000 0.000144
28.360000 0.000141
28.370000 0.000138
28.380000 0.000135
28.390000 0.000132
28.400000 0.000129
28.410000 0.000126
28.420000 0.000123
28.430000 0.000120
28.440000 0.000117
28.450000 0.000114
28.460000 0.000111
28.470000 0.000109
28.480000 0.000106
28.490000 0.000103
28.500000 0.000101
28.510000 0.000098
28.520000 0.000095
28.530000 0.000093
28.540000 0.000090
28.550000 0.000088
28.560000 0.000085
28.570000 0.000083
28.580000 0.000080
28.590000 0.000077
28.600000 0.000075
28.610000 0.000072
28.620000 0.000069
28.630000 0.000066
28.640000 0.000063
28.650000 0.000060
28.660000 0.000057
28.670000 0.000054
28.680000 0.000051
28.690000 0.000048
28.700000 0.000045
28.710000 0.000042
28.720000 0.000039
28.730000 0.000036
28.740000 0.000033
28.750000 0.000030
28.760000 0.000027
28.770000 0.000025
28.780000 0.000022
28.790000 0.000019
28.800000 0.000016
28.810000 0.000014
28.820000 0.000011
28.830000 0.000008
28.840000 0.000006
28.850000 0.000003
28.860000 0.000001
28.870000 -0.000002
28.880000 -0.000004
28.890000 -0.000006
28.900000 -0.000009
28.910000 -0.000011
28.920000 -0.000013
28.930000 -0.000015
28.940000 -0.000017
28.950000 -0.000020
28.960000 -0.000022
28.970000 -0.000024
28.980000 -0.000026
28.990000 -0.000029
29.000000 -0.000031
29.010000 -0.000033
29.020000 -0.000036
29.030000 -0.000038
29.040000 -0.000041
29.050000 -0.000043
29.060000 -0.000045
29.070000 -0.000048
29.080000 -0.000050
29.090000 -0.000053
29.100000 -0.000055
29.110000 -0.000057
29.120000 -0.000060
29.130000 -0.000062
29.140000 -0.000064
29.150000 -0.000066
29.160000 -0.000068
29.170000 -0.000070
29.180000 -0.000072
29.190000 -0.000073
29.200000 -0.000075
29.210000 -0.000076
29.220000 -0.000078
29.230000 -0.000079
29.240000 -0.000080
29.250000 -0.000081
29.260000 -0.000082
29.270000 -0.000083
29.280000 -0.000084
29.290000 -0.000085
29.300000 -0.000085
29.310000 -0.000086
29.320000 -0.000086
29.330000 -0.000087
29.340000 -0.000087
29.350000 -0.000088
29.360000 -0.000088
29.370000 -0.000089
29.380000 -0.000089
29.390000 -0.000090
29.400000 -0.000090
29.410000 -0.000091
29.420000 -0.000092
29.430000 -0.000092
29.440000 -0.000093
29.450000 -0.000094
29.460000 -0.000095
29.470000 -0.000096
29.480000 -0.000097
29.490000 -0.000098
29.500000 -0.000099
29.510000 -0.000100
29.520000 -0.000101
29.530000 -0.000103
29.540000 -0.000104
29.550000 -0.000105
29.560000 -0.000106
29.570000 -0.000107
29.580000 -0.000109
29.590000 -0.000110
29.600000 -0.000111
29.610000 -0.000113
29.620000 -0.000114
29.630000 -0.000115
29.640000 -0.000117
29.650000 -0.000118
29.660000 -0.000119
29.670000 -0.000120
29.680000 -0.000122
29.690000 -0.000123
29.700000 -0.000124
29.710000 -0.000125
29.720000 -0.000126
29.730000 -0.000127
29.740000 -0.000128
29.750000 -0.000129
29.760000 -0.000130
29.770000 -0.000131
29.780000 -0.000131
29.790000 -0.000132
29.800000 -0.000132
29.810000 -0.000133
29.820000 -0.000133
29.830000 -0.000134
29.840000 -0.000134
29.850000 -0.000134
29.860000 -0.000134
29.870000 -0.000134
29.880000 -0.000134
29.890000 -0.000134
29.900000 -0.000134
29.910000 -0.000134
29.920000 -0.000133
29.930000 -0.000133
29.940000 -0.000132
29.950000 -0.000131
29.960000 -0.000131
29.970000 -0.000130
29.980000 -0.000129
29.990000 -0.000128
30.000000 -0.000128
30.010000 -0.000127
30.020000 -0.000126
30.030000 -0.000125
30.040000 -0.000124
30.050000 -0.000123
30.060000 -0.000122
30.070000 -0.000121
30.080000 -0.000120
30.090000 -0.000119
30.100000 -0.000118
30.110000 -0.000118
30.120000 -0.000117
30.130000 -0.000116
30.140000 -0.000115
30.150000 -0.000114
30.160000 -0.000114
30.170000 -0.000113
30.180000 -0.000113
30.190000 -0.000112
30.200000 -0.000112
30.210000 -0.000111
30.220000 -0.000111
30.230000 -0.000111
30.240000 -0.000111
30.250000 -0.000110
30.260000 -0.000110
30.270000 -0.000110
30.280000 -0.000110
30.290000 -0.000110
30.300000 -0.000110
30.310000 -0.000110
30.320000 -0.000110
30.330000 -0.000111
30.340000 -0.000111
30.350000 -0.000111
30.360000 -0.000111
30.370000 -0.000111
30.380000 -0.000111
30.390000 -0.000112
30.400000 -0.000112
30.410000 -0.000112
30.420000 -0.000112
30.430000 -0.000112
30.440000 -0.000113
30.450000 -0.000113
30.460000 -0.000113
30.470000 -0.000113
30.480000 -0.000113
30.490000 -0.000113
30.500000 -0.000113
30.510000 -0.000113
30.520000 -0.000114
30.530000 -0.000114
30.540000 -0.000114
30.550000 -0.000114
30.560000 -0.000114
30.570000 -0.000114
30.580000 -0.000114
30.590000 -0.000114
30.600000 -0.000114
30.610000 -0.000114
30.620000 -0.000114
30.630000 -0.000114
30.640000 -0.000113
30.650000 -0.000113
30.660000 -0.000113
30.670000 -0.000113
30.680000 -0.000112
30.690000 -0.000112
30.700000 -0.000112
30.710000 -0.000111
30.720000 -0.000111
30.730000 -0.000111
30.740000 -0.000110
30.750000 -0.000110
30.760000 -0.000109
30.770000 -0.000109
30.780000 -0.000108
30.790000 -0.000108
30.800000 -0.000107
30.810000 -0.000106
30.820000 -0.000105
30.830000 -0.000105
30.840000 -0.000104
30.850000 -0.000103
30.860000 -0.000102
30.870000 -0.000101
30.880000 -0.000100
30.890000 -0.000099
30.900000 -0.000098
30.910000 -0.000097
30.920000 -0.000096
30.930000 -0.000095
30.940000 -0.000094
30.950000 -0.000094
30.960000 -0.000093
30.970000 -0.000092
30.980000 -0.000091
30.990000 -0.000090
31.000000 -0.000090
31.010000 -0.000089
31.020000 -0.000088
31.030000 -0.000087
31.040000 -0.000086
31.050000 -0.000085
31.060000 -0.000083
31.070000 -0.000082
31.080000 -0.000080
31.090000 -0.000079
31.100000 -0.000077
31.110000 -0.000075
31.120000 -0.000073
31.130000 -0.000071
31.140000 -0.000069
31.150000 -0.000067
31.160000 -0.000065
31.170000 -0.000063
31.180000 -0.000061
31.190000 -0.000059
31.200000 -0.000057
31.210000 -0.000055
31.220000 -0.000052
31.230000 -0.000050
31.240000 -0.000048
31.250000 -0.000045
31.260000 -0.000043
31.270000 -0.000041
31.280000 -0.000038
31.290000 -0.000036
31.300000 -0.000034
31.310000 -0.000032
31.320000 -0.000030
31.330000 -0.000028
31.340000 -0.000026
31.350000 -0.000024
31.360000 -0.000022
31.370000 -0.000020
31.380000 -0.000018
31.390000 -0.000017
31.400000 -0.000015
31.410000 -0.000014
31.420000 -0.000012
31.430000 -0.000010
31.440000 -0.000009
31.450000 -0.000007
31.460000 -0.000006
31.470000 -0.000004
31.480000 -0.000003
31.490000 -0.000002
31.500000 -0.000000
31.510000 0.000001
31.520000 0.000002
31.530000 0.000004
31.540000 0.000005
31.550000 0.000006
31.560000 0.000008
31.570000 0.000009
31.580000 0.000010
31.590000 0.000011
31.600000 0.000013
31.610000 0.000014
31.620000 0.000015
31.630000 0.000017
31.640000 0.000018
31.650000 0.000019
31.660000 0.000021
31.670000 0.000022
31.680000 0.000023
31.690000 0.000024
31.700000 0.000025
31.710000 0.000026
31.720000 0.000027
31.730000 0.000028
31.740000 0.000029
31.750000 0.000030
31.760000 0.000031
31.770000 0.000032
31.780000 0.000033
31.790000 0.000033
31.800000 0.000034
31.810000 0.000035
31.820000 0.000035
31.830000 0.000036
31.840000 0.000037
31.850000 0.000038
31.860000 0.000039
31.870000 0.000040
31.880000 0.000041
31.890000 0.000042
31.900000 0.000043
31.910000 0.000044
31.920000 0.000045
31.930000 0.000046
31.940000 0.000048
31.950000 0.000049
31.960000 0.000050
31.970000 0.000052
31.980000 0.000053
31.990000 0.000054
32.000000 0.000056
32.010000 0.000057
32.020000 0.000058
32.030000 0.000060
32.040000 0.000061
32.050000 0.000063
32.060000 0.000064
32.070000 0.000066
32.080000 0.000067
32.090000 0.000069
32.100000 0.000070
32.110000 0.000072
32.120000 0.000074
32.130000 0.000075
32.140000 0.000077
32.150000 0.000079
32.160000 0.000080
32.170000 0.000082
32.180000 0.000083
32.190000 0.000084
32.200000 0.000086
32.210000 0.000087
32.220000 0.000088
32.230000 0.000089
32.240000 0.000090
32.250000 0.000091
32.260000 0.000091
32.270000 0.000092
32.280000 0.000093
32.290000 0.000093
32.300000 0.000094
32.310000 0.000094
32.320000 0.000095
32.330000 0.000095
32.340000 0.000096
32.350000 0.000097
32.360000 0.000097
32.370000 0.000098
32.380000 0.000099
32.390000 0.000100
32.400000 0.000101
32.410000 0.000102
32.420000 0.000103
32.430000 0.000103
32.440000 0.000104
32.450000 0.000105
32.460000 0.000106
32.470000 0.000107
32.480000 0.000107
32.490000 0.000108
32.500000 0.000109
32.510000 0.000110
32.520000 0.000110
32.530000 0.000111
32.540000 0.000112
32.550000 0.000113
32.560000 0.000113
32.570000 0.000114
32.580000 0.000115
32.590000 0.000116
32.600000 0.000117
32.610000 0.000118
32.620000 0.000119
32.630000 0.000120
32.640000 0.000121
32.650000 0.000122
32.660000 0.000123
32.670000 0.000124
32.680000 0.000125
32.690000 0.000126
32.700000 0.000127
32.710000 0.000128
32.720000 0.000128
32.730000 0.000129
32.740000 0.000130
32.750000 0.000131
32.760000 0.000132
32.770000 0.000133
32.780000 0.000134
32.790000 0.000135
32.800000 0.000135
32.810000 0.000136
32.820000 0.000137
32.830000 0.000138
32.840000 0.000138
32.850000 0.000139
32.860000 0.000139
32.870000 0.000140
32.880000 0.000140
32.890000 0.000140
32.900000 0.000140
32.910000 0.000140
32.920000 0.000140
32.930000 0.000140
32.940000 0.000140
32.950000 0.000140
32.960000 0.000139
32.970000 0.000139
32.980000 0.000138
32.990000 0.000138
33.000000 0.000137
33.010000 0.000136
33.020000 0.000136
33.030000 0.000135
33.040000 0.000134
33.050000 0.000134
33.060000 0.000133
33.070000 0.000133
33.080000 0.000133
33.090000 0.000132
33.100000 0.000132
33.110000 0.000132
33.120000 0.000132
33.130000 0.000131
33.140000 0.000131
33.150000 0.000131
33.160000 0.000131
33.170000 0.000131
33.180000 0.000131
33.190000 0.000131
33.200000 0.000130
33.210000 0.000130
33.220000 0.000130
33.230000 0.000130
33.240000 0.000130
33.250000 0.000129
33.260000 0.000129
33.270000 0.000129
33.280000 0.000128
33.290000 0.000128
33.300000 0.000128
33.310000 0.000127
33.320000 0.000127
33.330000 0.000127
33.340000 0.000127
33.350000 0.000126
33.360000 0.000126
33.370000 0.000126
33.380000 0.000126
33.390000 0.000126
33.400000 0.000126
33.410000 0.000126
33.420000 0.000126
33.430000 0.000126
33.440000 0.000125
33.450000 0.000125
33.460000 0.000125
33.470000 0.000125
33.480000 0.000125
33.490000 0.000124
33.500000 0.000124
33.510000 0.000124
33.520000 0.000123
33.530000 0.000123
33.540000 0.000122
33.550000 0.000122
33.560000 0.000121
33.570000 0.000121
33.580000 0.000120
33.590000 0.000119
33.600000 0.000119
33.610000 0.000118
33.620000 0.000117
33.630000 0.000116
33.640000 0.000115
33.650000 0.000113
33.660000 0.000112
33.670000 0.000110
33.680000 0.000109
33.690000 0.000107
33.700000 0.000105
33.710000 0.000103
33.720000 0.000101
33.730000 0.000099
33.740000 0.000097
33.750000 0.000095
33.760000 0.000093
33.770000 0.000091
33.780000 0.000089
33.790000 0.000087
33.800000 0.000085
33.810000 0.000083
33.820000 0.000081
33.830000 0.000080
33.840000 0.000078
33.850000 0.000076
33.860000 0.000075
33.870000 0.000074
33.880000 0.000072
33.890000 0.000071
33.900000 0.000070
33.910000 0.000069
33.920000 0.000067
33.930000 0.000066
33.940000 0.000065
33.950000 0.000064
33.960000 0.000063
33.970000 0.000062
33.980000 0.000061
33.990000 0.000060
34.000000 0.000059
34.010000 0.000058
34.020000 0.000057
34.030000 0.000055
34.040000 0.000054
34.050000 0.000053
34.060000 0.000051
34.070000 0.000050
34.080000 0.000048
34.090000 0.000047
34.100000 0.000045
34.110000 0.000043
34.120000 0.000042
34.130000 0.000040
34.140000 0.000038
34.150000 0.000036
34.160000 0.000035
34.170000 0.000033
34.180000 0.000031
34.190000 0.000030
34.200000 0.000028
34.210000 0.000026
34.220000 0.000025
34.230000 0.000023
34.240000 0.000022
34.250000 0.000020
34.260000 0.000019
34.270000 0.000017
34.280000 0.000016
34.290000 0.000015
34.300000 0.000013
34.310000 0.000012
34.320000 0.000010
34.330000 0.000009
34.340000 0.000008
34.350000 0.000007
34.360000 0.000006
34.370000 0.000005
34.380000 0.000004
34.390000 0.000003
34.400000 0.000002
34.410000 0.000002
34.420000 0.000002
34.430000 0.000001
34.440000 0.000001
34.450000 0.000001
34.460000 0.000002
34.470000 0.000002
34.480000 0.000002
34.490000 0.000003
34.500000 0.000003
34.510000 0.000004
34.520000 0.000004
34.530000 0.000005
34.540000 0.000005
34.550000 0.000006
34.560000 0.000007
34.570000 0.000007
34.580000 0.000008
34.590000 0.000009
34.600000 0.000010
34.610000 0.000011
34.620000 0.000012
34.630000 0.000013
34.640000 0.000014
34.650000 0.000015
34.660000 0.000016
34.670000 0.000017
34.680000 0.000018
34.690000 0.000019
34.700000 0.000020
34.710000 0.000021
34.720000 0.000022
34.730000 0.000023
34.740000 0.000024
34.750000 0.000025
34.760000 0.000026
34.770000 0.000027
34.780000 0.000028
34.790000 0.000029
34.800000 0.000030
34.810000 0.000031
34.820000 0.000032
34.830000 0.000033
34.840000 0.000033
34.850000 0.000034
34.860000 0.000035
34.870000 0.000036
34.880000 0.000037
34.890000 0.000038
34.900000 0.000039
34.910000 0.000040
34.920000 0.000041
34.930000 0.000042
34.940000 0.000043
34.950000 0.000044
34.960000 0.000045
34.970000 0.000046
34.980000 0.000047
34.990000 0.000048
35.000000 0.000048
35.010000 0.000049
35.020000 0.000050
35.030000 0.000050
35.040000 0.000051
35.050000 0.000052
35.060000 0.000052
35.070000 0.000053
35.080000 0.000053
35.090000 0.000054
35.100000 0.000054
35.110000 0.000055
35.120000 0.000055
35.130000 0.000055
35.140000 0.000055
35.150000 0.000055
35.160000 0.000055
35.170000 0.000055
35.180000 0.000055
35.190000 0.000055
35.200000 0.000054
35.210000 0.000054
35.220000 0.000053
35.230000 0.000053
35.240000 0.000052
35.250000 0.000052
35.260000 0.000051
35.270000 0.000051
35.280000 0.000050
35.290000 0.000050
35.300000 0.000049
35.310000 0.000049
35.320000 0.000048
35.330000 0.000048
35.340000 0.000047
35.350000 0.000047
35.360000 0.000046
35.370000 0.000046
35.380000 0.000045
35.390000 0.000045
35.400000 0.000044
35.410000 0.000043
35.420000 0.000042
35.430000 0.000041
35.440000 0.000040
35.450000 0.000039
35.460000 0.000038
35.470000 0.000037
35.480000 0.000036
35.490000 0.000034
35.500000 0.000033
35.510000 0.000032
35.520000 0.000031
35.530000 0.000030
35.540000 0.000028
35.550000 0.000027
35.560000 0.000026
35.570000 0.000025
35.580000 0.000024
35.590000 0.000022
35.600000 0.000021
35.610000 0.000020
35.620000 0.000020
35.630000 0.000019
35.640000 0.000018
35.650000 0.000017
35.660000 0.000017
35.670000 0.000016
35.680000 0.000016
35.690000 0.000015
35.700000 0.000015
35.710000 0.000015
35.720000 0.000015
35.730000 0.000015
35.740000 0.000015
35.750000 0.000015
35.760000 0.000015
35.770000 0.000015
35.780000 0.000015
35.790000 0.000015
35.800000 0.000016
35.810000 0.000016
35.820000 0.000016
35.830000 0.000016
35.840000 0.000016
35.850000 0.000016
35.860000 0.000016
35.870000 0.000016
35.880000 0.000016
35.890000 0.000016
35.900000 0.000016
35.910000 0.000016
35.920000 0.000016
35.930000 0.000016
35.940000 0.000016
35.950000 0.000016
35.960000 0.000016
35.970000 0.000016
35.980000 0.000016
35.990000 0.000016
36.000000 0.000016
36.010000 0.000016
36.020000 0.000016
36.030000 0.000017
36.040000 0.000017
36.050000 0.000017
36.060000 0.000017
36.070000 0.000018
36.080000 0.000018
36.090000 0.000018
36.100000 0.000019
36.110000 0.000019
36.120000 0.000020
36.130000 0.000020
36.140000 0.000021
36.150000 0.000021
36.160000 0.000022
36.170000 0.000023
36.180000 0.000024
36.190000 0.000025
36.200000 0.000026
36.210000 0.000027
36.220000 0.000028
36.230000 0.000029
36.240000 0.000030
36.250000 0.000031
36.260000 0.000032
36.270000 0.000033
36.280000 0.000033
36.290000 0.000034
36.300000 0.000035
36.310000 0.000036
36.320000 0.000037
36.330000 0.000038
36.340000 0.000039
36.350000 0.000040
36.360000 0.000041
36.370000 0.000042
36.380000 0.000043
36.390000 0.000044
36.400000 0.000045
36.410000 0.000046
36.420000 0.000048
36.430000 0.000049
36.440000 0.000051
36.450000 0.000052
36.460000 0.000054
36.470000 0.000056
36.480000 0.000058
36.490000 0.000060
36.500000 0.000062
36.510000 0.000064
36.520000 0.000067
36.530000 0.000069
36.540000 0.000071
36.550000 0.000074
36.560000 0.000076
36.570000 0.000078
36.580000 0.000081
36.590000 0.000083
36.600000 0.000086
36.610000 0.000089
36.620000 0.000091
36.630000 0.000094
36.640000 0.000097
36.650000 0.000100
36.660000 0.000103
36.670000 0.000106
36.680000 0.000109
36.690000 0.000112
36.700000 0.000115
36.710000 0.000118
36.720000 0.000122
36.730000 0.000125
36.740000 0.000128
36.750000 0.000131
36.760000 0.000134
36.770000 0.000137
36.780000 0.000140
36.790000 0.000143
36.800000 0.000146
36.810000 0.000149
36.820000 0.000152
36.830000 0.000155
36.840000 0.000158
36.850000 0.000161
36.860000 0.000163
36.870000 0.000166
36.880000 0.000169
36.890000 0.000172
36.900000 0.000175
36.910000 0.000177
36.920000 0.000180
36.930000 0.000183
36.940000 0.000186
36.950000 0.000188
36.960000 0.000191
36.970000 0.000194
36.980000 0.000196
36.990000 0.000199
37.000000 0.000201
37.010000 0.000204
37.020000 0.000206
37.030000 0.000209
37.040000 0.000211
37.050000 0.000214
37.060000 0.000217
37.070000 0.000219
37.080000 0.000222
37.090000 0.000224
37.100000 0.000227
37.110000 0.000229
37.120000 0.000232
37.130000 0.000234
37.140000 0.000236
37.150000 0.000239
37.160000 0.000241
37.170000 0.000243
37.180000 0.000245
37.190000 0.000247
37.200000 0.000249
37.210000 0.000250
37.220000 0.000252
37.230000 0.000254
37.240000 0.000256
37.250000 0.000257
37.260000 0.000259
37.270000 0.000260
37.280000 0.000262
37.290000 0.000263
37.300000 0.000264
37.310000 0.000266
37.320000 0.000267
37.330000 0.000268
37.340000 0.000269
37.350000 0.000270
37.360000 0.000272
37.370000 0.000273
37.380000 0.000274
37.390000 0.000275
37.400000 0.000275
37.410000 0.000276
37.420000 0.000277
37.430000 0.000278
37.440000 0.000278
37.450000 0.000279
37.460000 0.000279
37.470000 0.000280
37.480000 0.000280
37.490000 0.000281
37.500000 0.000281
37.510000 0.000281
37.520000 0.000282
37.530000 0.000282
37.540000 0.000282
37.550000 0.000283
37.560000 0.000283
37.570000 0.000283
37.580000 0.000284
37.590000 0.000284
37.600000 0.000284
37.610000 0.000285
37.620000 0.000285
37.630000 0.000285
37.640000 0.000285
37.650000 0.000286
37.660000 0.000286
37.670000 0.000286
37.680000 0.000286
37.690000 0.000286
37.700000 0.000286
37.710000 0.000286
37.720000 0.000286
37.730000 0.000286
37.740000 0.000286
37.750000 0.000286
37.760000 0.000286
37.770000 0.000286
37.780000 0.000286
37.790000 0.000286
37.800000 0.000286
37.810000 0.000286
37.820000 0.000286
37.830000 0.000286
37.840000 0.000285
37.850000 0.000285
37.860000 0.000285
37.870000 0.000284
37.880000 0.000284
37.890000 0.000284
37.900000 0.000283
37.910000 0.000283
37.920000 0.000282
37.930000 0.000282
37.940000 0.000281
37.950000 0.000280
37.960000 0.000280
37.970000 0.000279
37.980000 0.000278
37.990000 0.000278
38.000000 0.000277
38.010000 0.000276
38.020000 0.000275
38.030000 0.000275
38.040000 0.000274
38.050000 0.000273
38.060000 0.000272
38.070000 0.000271
38.080000 0.000269
38.090000 0.000268
38.100000 0.000267
38.110000 0.000265
38.120000 0.000264
38.130000 0.000262
38.140000 0.000261
38.150000 0.000259
38.160000 0.000258
38.170000 0.000256
38.180000 0.000254
38.190000 0.000253
38.200000 0.000251
38.210000 0.000249
38.220000 0.000248
38.230000 0.000246
38.240000 0.000244
38.250000 0.000242
38.260000 0.000240
38.270000 0.000238
38.280000 0.000236
38.290000 0.000235
38.300000 0.000233
38.310000 0.000231
38.320000 0.000229
38.330000 0.000227
38.340000 0.000225
38.350000 0.000223
38.360000 0.000221
38.370000 0.000219
38.380000 0.000217
38.390000 0.000215
38.400000 0.000213
38.410000 0.000211
38.420000 0.000210
38.430000 0.000208
38.440000 0.000206
38.450000 0.000204
38.460000 0.000202
38.470000 0.000200
38.480000 0.000198
38.490000 0.000196
38.500000 0.000195
38.510000 0.000193
38.520000 0.000191
38.530000 0.000189
38.540000 0.000187
38.550000 0.000185
38.560000 0.000183
38.570000 0.000181
38.580000 0.000179
38.590000 0.000177
38.600000 0.000175
38.610000 0.000173
38.620000 0.000171
38.630000 0.000169
38.640000 0.000167
38.650000 0.000165
38.660000 0.000163
38.670000 0.000161
38.680000 0.000159
38.690000 0.000157
38.700000 0.000155
38.710000 0.000153
38.720000 0.000151
38.730000 0.000149
38.740000 0.000147
38.750000 0.000145
38.760000 0.000143
38.770000 0.000141
38.780000 0.000139
38.790000 0.000137
38.800000 0.000135
38.810000 0.000133
38.820000 0.000131
38.830000 0.000128
38.840000 0.000126
38.850000 0.000124
38.860000 0.000122
38.870000 0.000120
38.880000 0.000118
38.890000 0.000116
38.900000 0.000114
38.910000 0.000112
38.920000 0.000111
38.930000 0.000109
38.940000 0.000108
38.950000 0.000106
38.960000 0.000105
38.970000 0.000103
38.980000 0.000102
38.990000 0.000101
39.000000 0.000100
39.010000 0.000099
39.020000 0.000098
39.030000 0.000096
39.040000 0.000095
39.050000 0.000094
39.060000 0.000093
39.070000 0.000092
39.080000 0.000090
39.090000 0.000089
39.100000 0.000087
39.110000 0.000086
39.120000 0.000084
39.130000 0.000082
39.140000 0.000080
39.150000 0.000078
39.160000 0.000076
39.170000 0.000074
39.180000 0.000072
39.190000 0.000070
39.200000 0.000067
39.210000 0.000065
39.220000 0.000062
39.230000 0.000059
39.240000 0.000057
39.250000 0.000054
39.260000 0.000051
39.270000 0.000048
39.280000 0.000045
39.290000 0.000042
39.300000 0.000039
39.310000 0.000036
39.320000 0.000033
39.330000 0.000030
39.340000 0.000027
39.350000 0.000024
39.360000 0.000021
39.370000 0.000018
39.380000 0.000015
39.390000 0.000012
39.400000 0.000009
39.410000 0.000007
39.420000 0.000004
39.430000 0.000001
39.440000 -0.000002
39.450000 -0.000004
39.460000 -0.000007
39.470000 -0.000010
39.480000 -0.000012
39.490000 -0.000015
39.500000 -0.000017
39.510000 -0.000020
39.520000 -0.000022
39.530000 -0.000024
39.540000 -0.000027
39.550000 -0.000029
39.560000 -0.000031
39.570000 -0.000033
39.580000 -0.000035
39.590000 -0.000037
39.600000 -0.000039
39.610000 -0.000040
39.620000 -0.000042
39.630000 -0.000044
39.640000 -0.000045
39.650000 -0.000047
39.660000 -0.000049
39.670000 -0.000050
39.680000 -0.000052
39.690000 -0.000053
39.700000 -0.000055
39.710000 -0.000056
39.720000 -0.000057
39.730000 -0.000059
39.740000 -0.000061
39.750000 -0.000062
39.760000 -0.000064
39.770000 -0.000065
39.780000 -0.000067
39.790000 -0.000068
39.800000 -0.000070
39.810000 -0.000072
39.820000 -0.000073
39.830000 -0.000075
39.840000 -0.000076
39.850000 -0.000077
39.860000 -0.000079
39.870000 -0.000080
39.880000 -0.000082
39.890000 -0.000083
39.900000 -0.000084
39.910000 -0.000086
39.920000 -0.000087
39.930000 -0.000089
39.940000 -0.000091
39.950000 -0.000092
39.960000 -0.000094
39.970000 -0.000096
39.980000 -0.000098
39.990000 -0.000100
40.000000 -0.000102
40.010000 -0.000104
40.020000 -0.000106
40.030000 -0.000108
40.040000 -0.000110
40.050000 -0.000113
40.060000 -0.000115
40.070000 -0.000117
40.080000 -0.000119
40.090000 -0.000121
40.100000 -0.000124
40.110000 -0.000126
40.120000 -0.000128
40.130000 -0.000130
40.140000 -0.000133
40.150000 -0.000135
40.160000 -0.000137
40.170000 -0.000139
40.180000 -0.000141
40.190000 -0.000143
40.200000 -0.000145
40.210000 -0.000147
40.220000 -0.000149
40.230000 -0.000151
40.240000 -0.000153
40.250000 -0.000155
40.260000 -0.000156
40.270000 -0.000158
40.280000 -0.000160
40.290000 -0.000161
40.300000 -0.000162
40.310000 -0.000164
40.320000 -0.000165
40.330000 -0.000166
40.340000 -0.000167
40.350000 -0.000168
40.360000 -0.000169
40.370000 -0.000170
40.380000 -0.000171
40.390000 -0.000172
40.400000 -0.000173
40.410000 -0.000174
40.420000 -0.000175
40.430000 -0.000176
40.440000 -0.000177
40.450000 -0.000177
40.460000 -0.000178
40.470000 -0.000179
40.480000 -0.000179
40.490000 -0.000180
40.500000 -0.000181
40.510000 -0.000181
40.520000 -0.000182
40.530000 -0.000182
40.540000 -0.000183
40.550000 -0.000183
40.560000 -0.000184
40.570000 -0.000184
40.580000 -0.000184
40.590000 -0.000185
40.600000 -0.000185
40.610000 -0.000185
40.620000 -0.000186
40.630000 -0.000186
40.640000 -0.000186
40.650000 -0.000186
40.660000 -0.000186
40.670000 -0.000186
40.680000 -0.000186
40.690000 -0.000186
40.700000 -0.000185
40.710000 -0.000185
40.720000 -0.000184
40.730000 -0.000184
40.740000 -0.000183
40.750000 -0.000183
40.760000 -0.000182
40.770000 -0.000181
40.780000 -0.000181
40.790000 -0.000180
40.800000 -0.000179
40.810000 -0.000178
40.820000 -0.000177
40.830000 -0.000176
40.840000 -0.000174
40.850000 -0.000173
40.860000 -0.000172
40.870000 -0.000170
40.880000 -0.000169
40.890000 -0.000167
40.900000 -0.000166
40.910000 -0.000164
40.920000 -0.000163
40.930000 -0.000161
40.940000 -0.000159
40.950000 -0.000158
40.960000 -0.000156
40.970000 -0.000155
40.980000 -0.000153
40.990000 -0.000152
41.000000 -0.000150
41.010000 -0.000149
41.020000 -0.000148
41.030000 -0.000146
41.040000 -0.000145
41.050000 -0.000143
41.060000 -0.000142
41.070000 -0.000141
41.080000 -0.000139
41.090000 -0.000138
41.100000 -0.000136
41.110000 -0.000135
41.120000 -0.000133
41.130000 -0.000132
41.140000 -0.000130
41.150000 -0.000129
41.160000 -0.000127
41.170000 -0.000125
41.180000 -0.000124
41.190000 -0.000122
41.200000 -0.000120
41.210000 -0.000119
41.220000 -0.000117
41.230000 -0.000116
41.240000 -0.000114
41.250000 -0.000113
41.260000 -0.000112
41.270000 -0.000111
41.280000 -0.000110
41.290000 -0.000109
41.300000 -0.000108
41.310000 -0.000108
41.320000 -0.000107
41.330000 -0.000107
41.340000 -0.000107
41.350000 -0.000106
41.360000 -0.000106
41.370000 -0.000106
41.380000 -0.000105
41.390000 -0.000105
41.400000 -0.000105
41.410000 -0.000105
41.420000 -0.000104
41.430000 -0.000104
41.440000 -0.000104
41.450000 -0.000104
41.460000 -0.000104
41.470000 -0.000104
41.480000 -0.000104
41.490000 -0.000104
41.500000 -0.000104
41.510000 -0.000105
41.520000 -0.000105
41.530000 -0.000105
41.540000 -0.000105
41.550000 -0.000106
41.560000 -0.000106
41.570000 -0.000106
41.580000 -0.000107
41.590000 -0.000107
41.600000 -0.000108
41.610000 -0.000108
41.620000 -0.000109
41.630000 -0.000109
41.640000 -0.000110
41.650000 -0.000110
41.660000 -0.000111
41.670000 -0.000111
41.680000 -0.000112
41.690000 -0.000112
41.700000 -0.000113
41.710000 -0.000113
41.720000 -0.000114
41.730000 -0.000114
41.740000 -0.000115
41.750000 -0.000116
41.760000 -0.000117
41.770000 -0.000118
41.780000 -0.000119
41.790000 -0.000120
41.800000 -0.000122
41.810000 -0.000123
41.820000 -0.000125
41.830000 -0.000126
41.840000 -0.000128
41.850000 -0.000130
41.860000 -0.000132
41.870000 -0.000134
41.880000 -0.000136
41.890000 -0.000138
41.900000 -0.000140
41.910000 -0.000141
41.920000 -0.000143
41.930000 -0.000145
41.940000 -0.000147
41.950000 -0.000149
41.960000 -0.000151
41.970000 -0.000153
41.980000 -0.000155
41.990000 -0.000157
42.000000 -0.000159
42.010000 -0.000161
42.020000 -0.000163
42.030000 -0.000165
42.040000 -0.000168
42.050000 -0.000170
42.060000 -0.000172
42.070000 -0.000174
42.080000 -0.000177
42.090000 -0.000179
42.100000 -0.000181
42.110000 -0.000183
42.120000 -0.000185
42.130000 -0.000187
42.140000 -0.000189
42.150000 -0.000190
42.160000 -0.000192
42.170000 -0.000194
42.180000 -0.000195
42.190000 -0.000196
42.200000 -0.000198
42.210000 -0.000199
42.220000 -0.000200
42.230000 -0.000201
42.240000 -0.000202
42.250000 -0.000203
42.260000 -0.000204
42.270000 -0.000205
42.280000 -0.000206
42.290000 -0.000207
42.300000 -0.000208
42.310000 -0.000209
42.320000 -0.000210
42.330000 -0.000211
42.340000 -0.000212
42.350000 -0.000213
42.360000 -0.000214
42.370000 -0.000216
42.380000 -0.000217
42.390000 -0.000218
42.400000 -0.000219
42.410000 -0.000221
42.420000 -0.000222
42.430000 -0.000223
42.440000 -0.000225
42.450000 -0.000226
42.460000 -0.000227
42.470000 -0.000228
42.480000 -0.000230
42.490000 -0.000231
42.500000 -0.000232
42.510000 -0.000233
42.520000 -0.000234
42.530000 -0.000235
42.540000 -0.000236
42.550000 -0.000237
42.560000 -0.000238
42.570000 -0.000239
42.580000 -0.000240
42.590000 -0.000240
42.600000 -0.000241
42.610000 -0.000242
42.620000 -0.000242
42.630000 -0.000243
42.640000 -0.000243
42.650000 -0.000244
42.660000 -0.000244
42.670000 -0.000244
42.680000 -0.000245
42.690000 -0.000245
42.700000 -0.000246
42.710000 -0.000246
42.720000 -0.000247
42.730000 -0.000247
42.740000 -0.000248
42.750000 -0.000249
42.760000 -0.000249
42.770000 -0.000250
42.780000 -0.000251
42.790000 -0.000252
42.800000 -0.000253
42.810000 -0.000254
42.820000 -0.000254
42.830000 -0.000255
42.840000 -0.000256
42.850000 -0.000257
42.860000 -0.000258
42.870000 -0.000259
42.880000 -0.000260
42.890000 -0.000260
42.900000 -0.000261
42.910000 -0.000262
42.920000 -0.000262
42.930000 -0.000263
42.940000 -0.000263
42.950000 -0.000264
42.960000 -0.000264
42.970000 -0.000264
42.980000 -0.000265
42.990000 -0.000265
43.000000 -0.000265
43.010000 -0.000265
43.020000 -0.000265
43.030000 -0.000265
43.040000 -0.000265
43.050000 -0.000265
43.060000 -0.000264
43.070000 -0.000264
43.080000 -0.000264
43.090000 -0.000264
43.100000 -0.000264
43.110000 -0.000264
43.120000 -0.000264
43.130000 -0.000264
43.140000 -0.000263
43.150000 -0.000263
43.160000 -0.000264
43.170000 -0.000264
43.180000 -0.000264
43.190000 -0.000264
43.200000 -0.000264
43.210000 -0.000265
43.220000 -0.000265
43.230000 -0.000265
43.240000 -0.000266
43.250000 -0.000266
43.260000 -0.000267
43.270000 -0.000267
43.280000 -0.000268
43.290000 -0.000268
43.300000 -0.000269
43.310000 -0.000269
43.320000 -0.000270
43.330000 -0.000270
43.340000 -0.000271
43.350000 -0.000271
43.360000 -0.000272
43.370000 -0.000272
43.380000 -0.000273
43.390000 -0.000273
43.400000 -0.000274
43.410000 -0.000275
43.420000 -0.000275
43.430000 -0.000276
43.440000 -0.000277
43.450000 -0.000278
43.460000 -0.000279
43.470000 -0.000280
43.480000 -0.000281
43.490000 -0.000282
43.500000 -0.000283
43.510000 -0.000284
43.520000 -0.000285
43.530000 -0.000286
43.540000 -0.000287
43.550000 -0.000288
43.560000 -0.000289
43.570000 -0.000290
43.580000 -0.000291
43.590000 -0.000292
43.600000 -0.000293
43.610000 -0.000294
43.620000 -0.000295
43.630000 -0.000296
43.640000 -0.000297
43.650000 -0.000298
43.660000 -0.000299
43.670000 -0.000300
43.680000 -0.000301
43.690000 -0.000302
43.700000 -0.000304
43.710000 -0.000305
43.720000 -0.000306
43.730000 -0.000307
43.740000 -0.000308
43.750000 -0.000309
43.760000 -0.000310
43.770000 -0.000311
43.780000 -0.000312
43.790000 -0.000312
43.800000 -0.000313
43.810000 -0.000314
43.820000 -0.000314
43.830000 -0.000315
43.840000 -0.000315
43.850000 -0.000315
43.860000 -0.000315
43.870000 -0.000316
43.880000 -0.000316
43.890000 -0.000316
43.900000 -0.000316
43.910000 -0.000316
43.920000 -0.000316
43.930000 -0.000316
43.940000 -0.000316
43.950000 -0.000317
43.960000 -0.000317
43.970000 -0.000317
43.980000 -0.000317
43.990000 -0.000318
44.000000 -0.000318
44.010000 -0.000318
44.020000 -0.000318
44.030000 -0.000318
44.040000 -0.000318
44.050000 -0.000318
44.060000 -0.000318
44.070000 -0.000318
44.080000 -0.000318
44.090000 -0.000318
44.100000 -0.000318
44.110000 -0.000318
44.120000 -0.000319
44.130000 -0.000319
44.140000 -0.000319
44.150000 -0.000319
44.160000 -0.000319
44.170000 -0.000319
44.180000 -0.000319
44.190000 -0.000319
44.200000 -0.000320
44.210000 -0.000320
44.220000 -0.000320
44.230000 -0.000320
44.240000 -0.000320
44.250000 -0.000320
44.260000 -0.000321
44.270000 -0.000321
44.280000 -0.000321
44.290000 -0.000321
44.300000 -0.000321
44.310000 -0.000321
44.320000 -0.000322
44.330000 -0.000322
44.340000 -0.000322
44.350000 -0.000322
44.360000 -0.000322
44.370000 -0.000323
44.380000 -0.000323
44.390000 -0.000323
44.400000 -0.000323
44.410000 -0.000323
44.420000 -0.000323
44.430000 -0.000323
44.440000 -0.000323
44.450000 -0.000323
44.460000 -0.000323
44.470000 -0.000323
44.480000 -0.000323
44.490000 -0.000323
44.500000 -0.000323
44.510000 -0.000323
44.520000 -0.000323
44.530000 -0.000323
44.540000 -0.000323
44.550000 -0.000323
44.560000 -0.000323
44.570000 -0.000324
44.580000 -0.000324
44.590000 -0.000324
44.600000 -0.000325
44.610000 -0.000325
44.620000 -0.000325
44.630000 -0.000326
44.640000 -0.000326
44.650000 -0.000327
44.660000 -0.000327
44.670000 -0.000328
44.680000 -0.000328
44.690000 -0.000329
44.700000 -0.000329
44.710000 -0.000329
44.720000 -0.000330
44.730000 -0.000330
44.740000 -0.000330
44.750000 -0.000330
44.760000 -0.000330
44.770000 -0.000330
44.780000 -0.000330
44.790000 -0.000330
44.800000 -0.000330
44.810000 -0.000330
44.820000 -0.000329
44.830000 -0.000329
44.840000 -0.000329
44.850000 -0.000328
44.860000 -0.000328
44.870000 -0.000328
44.880000 -0.000327
44.890000 -0.000327
44.900000 -0.000326
44.910000 -0.000326
44.920000 -0.000325
44.930000 -0.000325
44.940000 -0.000324
44.950000 -0.000324
44.960000 -0.000324
44.970000 -0.000323
44.980000 -0.000323
44.990000 -0.000323
45.000000 -0.000323
45.010000 -0.000322
45.020000 -0.000322
45.030000 -0.000322
45.040000 -0.000322
45.050000 -0.000322
45.060000 -0.000322
45.070000 -0.000322
45.080000 -0.000322
45.090000 -0.000323
45.100000 -0.000323
45.110000 -0.000323
45.120000 -0.000323
45.130000 -0.000322
45.140000 -0.000322
45.150000 -0.000322
45.160000 -0.000322
45.170000 -0.000322
45.180000 -0.000321
45.190000 -0.000321
45.200000 -0.000321
45.210000 -0.000320
45.220000 -0.000320
45.230000 -0.000319
45.240000 -0.000319
45.250000 -0.000318
45.260000 -0.000317
45.270000 -0.000317
45.280000 -0.000316
45.290000 -0.000316
45.300000 -0.000315
45.310000 -0.000315
45.320000 -0.000314
45.330000 -0.000314
45.340000 -0.000313
45.350000 -0.000313
45.360000 -0.000313
45.370000 -0.000313
45.380000 -0.000312
45.390000 -0.000312
45.400000 -0.000312
45.410000 -0.000312
45.420000 -0.000312
45.430000 -0.000312
45.440000 -0.000312
45.450000 -0.000312
45.460000 -0.000312
45.470000 -0.000312
45.480000 -0.000311
45.490000 -0.000311
45.500000 -0.000311
45.510000 -0.000311
45.520000 -0.000311
45.530000 -0.000311
45.540000 -0.000311
45.550000 -0.000310
45.560000 -0.000310
45.570000 -0.000310
45.580000 -0.000309
45.590000 -0.000309
45.600000 -0.000309
45.610000 -0.000308
45.620000 -0.000308
45.630000 -0.000308
45.640000 -0.000307
45.650000 -0.000307
45.660000 -0.000307
45.670000 -0.000307
45.680000 -0.000306
45.690000 -0.000306
45.700000 -0.000306
45.710000 -0.000306
45.720000 -0.000306
45.730000 -0.000306
45.740000 -0.000306
45.750000 -0.000306
45.760000 -0.000306
45.770000 -0.000306
45.780000 -0.000307
45.790000 -0.000307
45.800000 -0.000307
45.810000 -0.000307
45.820000 -0.000307
45.830000 -0.000308
45.840000 -0.000308
45.850000 -0.000309
45.860000 -0.000309
45.870000 -0.000309
45.880000 -0.000310
45.890000 -0.000310
45.900000 -0.000311
45.910000 -0.000311
45.920000 -0.000312
45.930000 -0.000312
45.940000 -0.000312
45.950000 -0.000312
45.960000 -0.000312
45.970000 -0.000313
45.980000 -0.000313
45.990000 -0.000313
46.000000 -0.000312
46.010000 -0.000312
46.020000 -0.000312
46.030000 -0.000312
46.040000 -0.000311
46.050000 -0.000311
46.060000 -0.000310
46.070000 -0.000309
46.080000 -0.000309
46.090000 -0.000308
46.100000 -0.000307
46.110000 -0.000306
46.120000 -0.000305
46.130000 -0.000304
46.140000 -0.000303
46.150000 -0.000302
46.160000 -0.000301
46.170000 -0.000300
46.180000 -0.000299
46.190000 -0.000297
46.200000 -0.000296
46.210000 -0.000295
46.220000 -0.000293
46.230000 -0.000292
46.240000 -0.000291
46.250000 -0.000289
46.260000 -0.000287
46.270000 -0.000286
46.280000 -0.000284
46.290000 -0.000283
46.300000 -0.000281
46.310000 -0.000280
46.320000 -0.000278
46.330000 -0.000277
46.340000 -0.000276
46.350000 -0.000274
46.360000 -0.000273
46.370000 -0.000272
46.380000 -0.000272
46.390000 -0.000271
46.400000 -0.000270
46.410000 -0.000269
46.420000 -0.000269
46.430000 -0.000268
46.440000 -0.000267
46.450000 -0.000267
46.460000 -0.000266
46.470000 -0.000266
46.480000 -0.000265
46.490000 -0.000264
46.500000 -0.000264
46.510000 -0.000263
46.520000 -0.000263
46.530000 -0.000262
46.540000 -0.000261
46.550000 -0.000261
46.560000 -0.000260
46.570000 -0.000260
46.580000 -0.000259
46.590000 -0.000259
46.600000 -0.000258
46.610000 -0.000258
46.620000 -0.000257
46.630000 -0.000257
46.640000 -0.000256
46.650000 -0.000256
46.660000 -0.000255
46.670000 -0.000255
46.680000 -0.000254
46.690000 -0.000254
46.700000 -0.000253
46.710000 -0.000253
46.720000 -0.000253
46.730000 -0.000252
46.740000 -0.000252
46.750000 -0.000252
46.760000 -0.000251
46.770000 -0.000251
46.780000 -0.000251
46.790000 -0.000250
46.800000 -0.000250
46.810000 -0.000250
46.820000 -0.000249
46.830000 -0.000249
46.840000 -0.000248
46.850000 -0.000247
46.860000 -0.000247
46.870000 -0.000246
46.880000 -0.000245
46.890000 -0.000245
46.900000 -0.000244
46.910000 -0.000243
46.920000 -0.000242
46.930000 -0.000241
46.940000 -0.000241
46.950000 -0.000240
46.960000 -0.000239
46.970000 -0.000238
46.980000 -0.000238
46.990000 -0.000237
47.000000 -0.000237
47.010000 -0.000236
47.020000 -0.000235
47.030000 -0.000235
47.040000 -0.000234
47.050000 -0.000233
47.060000 -0.000233
47.070000 -0.000232
47.080000 -0.000231
47.090000 -0.000231
47.100000 -0.000230
47.110000 -0.000229
47.120000 -0.000228
47.130000 -0.000228
47.140000 -0.000227
47.150000 -0.000226
47.160000 -0.000226
47.170000 -0.000225
47.180000 -0.000225
47.190000 -0.000224
47.200000 -0.000224
47.210000 -0.000223
47.220000 -0.000223
47.230000 -0.000222
47.240000 -0.000222
47.250000 -0.000222
47.260000 -0.000221
47.270000 -0.000221
47.280000 -0.000221
47.290000 -0.000221
47.300000 -0.000220
47.310000 -0.000220
47.320000 -0.000220
47.330000 -0.000220
47.340000 -0.000220
47.350000 -0.000220
47.360000 -0.000220
47.370000 -0.000220
47.380000 -0.000220
47.390000 -0.000220
47.400000 -0.000220
47.410000 -0.000220
47.420000 -0.000220
47.430000 -0.000220
47.440000 -0.000220
47.450000 -0.000220
47.460000 -0.000220
47.470000 -0.000220
47.480000 -0.000220
47.490000 -0.000220
47.500000 -0.000220
47.510000 -0.000220
47.520000 -0.000220
47.530000 -0.000220
47.540000 -0.000220
47.550000 -0.000220
47.560000 -0.000220
47.570000 -0.000220
47.580000 -0.000220
47.590000 -0.000219
47.600000 -0.000219
47.610000 -0.000219
47.620000 -0.000219
47.630000 -0.000218
47.640000 -0.000218
47.650000 -0.000218
47.660000 -0.000217
47.670000 -0.000217
47.680000 -0.000217
47.690000 -0.000217
47.700000 -0.000217
47.710000 -0.000217
47.720000 -0.000217
47.730000 -0.000217
47.740000 -0.000217
47.750000 -0.000218
47.760000 -0.000218
47.770000 -0.000219
47.780000 -0.000219
47.790000 -0.000219
47.800000 -0.000220
47.810000 -0.000221
47.820000 -0.000221
47.830000 -0.000222
47.840000 -0.000222
47.850000 -0.000222
47.860000 -0.000223
47.870000 -0.000223
47.880000 -0.000223
47.890000 -0.000224
47.900000 -0.000224
47.910000 -0.000224
47.920000 -0.000224
47.930000 -0.000224
47.940000 -0.000224
47.950000 -0.000224
47.960000 -0.000224
47.970000 -0.000224
47.980000 -0.000223
47.990000 -0.000223
48.000000 -0.000223
48.010000 -0.000223
48.020000 -0.000223
48.030000 -0.000223
48.040000 -0.000223
48.050000 -0.000223
48.060000 -0.000223
48.070000 -0.000223
48.080000 -0.000223
48.090000 -0.000223
48.100000 -0.000223
48.110000 -0.000223
48.120000 -0.000224
48.130000 -0.000224
48.140000 -0.000224
48.150000 -0.000224
48.160000 -0.000225
48.170000 -0.000225
48.180000 -0.000225
48.190000 -0.000226
48.200000 -0.000226
48.210000 -0.000227
48.220000 -0.000227
48.230000 -0.000227
48.240000 -0.000228
48.250000 -0.000228
48.260000 -0.000229
48.270000 -0.000229
48.280000 -0.000229
48.290000 -0.000230
48.300000 -0.000230
48.310000 -0.000231
48.320000 -0.000231
48.330000 -0.000232
48.340000 -0.000233
48.350000 -0.000233
48.360000 -0.000234
48.370000 -0.000235
48.380000 -0.000236
48.390000 -0.000237
48.400000 -0.000238
48.410000 -0.000239
48.420000 -0.000239
48.430000 -0.000240
48.440000 -0.000241
48.450000 -0.000242
48.460000 -0.000243
48.470000 -0.000244
48.480000 -0.000245
48.490000 -0.000245
48.500000 -0.000246
48.510000 -0.000247
48.520000 -0.000247
48.530000 -0.000247
48.540000 -0.000248
48.550000 -0.000248
48.560000 -0.000249
48.570000 -0.000249
48.580000 -0.000249
48.590000 -0.000249
48.600000 -0.000249
48.610000 -0.000250
48.620000 -0.000250
48.630000 -0.000250
48.640000 -0.000250
48.650000 -0.000250
48.660000 -0.000251
48.670000 -0.000251
48.680000 -0.000251
48.690000 -0.000252
48.700000 -0.000252
48.710000 -0.000253
48.720000 -0.000253
48.730000 -0.000254
48.740000 -0.000255
48.750000 -0.000255
48.760000 -0.000256
48.770000 -0.000257
48.780000 -0.000257
48.790000 -0.000257
48.800000 -0.000258
48.810000 -0.000258
48.820000 -0.000258
48.830000 -0.000258
48.840000 -0.000258
48.850000 -0.000258
48.860000 -0.000258
48.870000 -0.000258
48.880000 -0.000258
48.890000 -0.000257
48.900000 -0.000257
48.910000 -0.000257
48.920000 -0.000256
48.930000 -0.000256
48.940000 -0.000255
48.950000 -0.000255
48.960000 -0.000254
48.970000 -0.000254
48.980000 -0.000253
48.990000 -0.000253
49.000000 -0.000252
49.010000 -0.000252
49.020000 -0.000252
49.030000 -0.000251
49.040000 -0.000251
49.050000 -0.000250
49.060000 -0.000250
49.070000 -0.000249
49.080000 -0.000249
49.090000 -0.000248
49.100000 -0.000248
49.110000 -0.000247
49.120000 -0.000247
49.130000 -0.000246
49.140000 -0.000246
49.150000 -0.000245
49.160000 -0.000245
49.170000 -0.000244
49.180000 -0.000244
49.190000 -0.000243
49.200000 -0.000243
49.210000 -0.000242
49.220000 -0.000242
49.230000 -0.000241
49.240000 -0.000240
49.250000 -0.000240
49.260000 -0.000239
49.270000 -0.000238
49.280000 -0.000238
49.290000 -0.000237
49.300000 -0.000236
49.310000 -0.000235
49.320000 -0.000235
49.330000 -0.000234
49.340000 -0.000233
49.350000 -0.000232
49.360000 -0.000231
49.370000 -0.000231
49.380000 -0.000230
49.390000 -0.000229
49.400000 -0.000228
49.410000 -0.000227
49.420000 -0.000226
49.430000 -0.000225
49.440000 -0.000224
49.450000 -0.000223
49.460000 -0.000222
49.470000 -0.000222
49.480000 -0.000221
49.490000 -0.000220
49.500000 -0.000219
49.510000 -0.000219
49.520000 -0.000218
49.530000 -0.000217
49.540000 -0.000217
49.550000 -0.000216
49.560000 -0.000216
49.570000 -0.000216
49.580000 -0.000215
49.590000 -0.000215
49.600000 -0.000215
49.610000 -0.000215
49.620000 -0.000215
49.630000 -0.000215
49.640000 -0.000215
49.650000 -0.000215
49.660000 -0.000215
49.670000 -0.000216
49.680000 -0.000216
49.690000 -0.000216
49.700000 -0.000216
49.710000 -0.000216
49.720000 -0.000216
49.730000 -0.000216
49.740000 -0.000216
49.750000 -0.000216
49.760000 -0.000216
49.770000 -0.000216
49.780000 -0.000215
49.790000 -0.000215
49.800000 -0.000214
49.810000 -0.000213
49.820000 -0.000213
49.830000 -0.000212
49.840000 -0.000211
49.850000 -0.000210
49.860000 -0.000209
49.870000 -0.000208
49.880000 -0.000207
49.890000 -0.000206
49.900000 -0.000205
49.910000 -0.000204
49.920000 -0.000203
49.930000 -0.000202
49.940000 -0.000201
49.950000 -0.000200
49.960000 -0.000199
49.970000 -0.000198
49.980000 -0.000197
49.990000 -0.000196
