0.000000 0.333378
0.010000 0.333098
0.020000 0.332273
0.030000 0.330944
0.040000 0.329171
0.050000 0.327023
0.060000 0.324569
0.070000 0.321872
0.080000 0.318989
0.090000 0.315965
0.100000 0.312839
0.110000 0.309639
0.120000 0.306388
0.130000 0.303103
0.140000 0.299796
0.150000 0.296477
0.160000 0.293153
0.170000 0.289830
0.180000 0.286511
0.190000 0.283199
0.200000 0.279897
0.210000 0.276606
0.220000 0.273327
0.230000 0.270062
0.240000 0.266810
0.250000 0.263572
0.260000 0.260348
0.270000 0.257139
0.280000 0.253944
0.290000 0.250764
0.300000 0.247599
0.310000 0.244449
0.320000 0.241314
0.330000 0.238194
0.340000 0.235089
0.350000 0.231999
0.360000 0.228925
0.370000 0.225867
0.380000 0.222824
0.390000 0.219797
0.400000 0.216787
0.410000 0.213793
0.420000 0.210816
0.430000 0.207855
0.440000 0.204912
0.450000 0.201986
0.460000 0.199078
0.470000 0.196188
0.480000 0.193316
0.490000 0.190463
0.500000 0.187628
0.510000 0.184812
0.520000 0.182015
0.530000 0.179237
0.540000 0.176480
0.550000 0.173742
0.560000 0.171023
0.570000 0.168325
0.580000 0.165648
0.590000 0.162990
0.600000 0.160353
0.610000 0.157736
0.620000 0.155141
0.630000 0.152566
0.640000 0.150011
0.650000 0.147478
0.660000 0.144966
0.670000 0.142474
0.680000 0.140004
0.690000 0.137554
0.700000 0.135126
0.710000 0.132719
0.720000 0.130334
0.730000 0.127969
0.740000 0.125626
0.750000 0.123304
0.760000 0.121003
0.770000 0.118724
0.780000 0.116466
0.790000 0.114229
0.800000 0.112013
0.810000 0.109819
0.820000 0.107645
0.830000 0.105493
0.840000 0.103362
0.850000 0.101252
0.860000 0.099163
0.870000 0.097096
0.880000 0.095049
0.890000 0.093023
0.900000 0.091017
0.910000 0.089033
0.920000 0.087069
0.930000 0.085126
0.940000 0.083203
0.950000 0.081301
0.960000 0.079419
0.970000 0.077557
0.980000 0.075716
0.990000 0.073895
1.000000 0.072093
1.010000 0.070312
1.020000 0.068550
1.030000 0.066808
1.040000 0.065086
1.050000 0.063383
1.060000 0.061700
1.070000 0.060036
1.080000 0.058391
1.090000 0.056765
1.100000 0.055158
1.110000 0.053570
1.120000 0.052001
1.130000 0.050450
1.140000 0.048918
1.150000 0.047405
1.160000 0.045910
1.170000 0.044432
1.180000 0.042973
1.190000 0.041531
1.200000 0.040108
1.210000 0.038701
1.220000 0.037313
1.230000 0.035941
1.240000 0.034586
1.250000 0.033249
1.260000 0.031928
1.270000 0.030624
1.280000 0.029337
1.290000 0.028065
1.300000 0.026811
1.310000 0.025572
1.320000 0.024349
1.330000 0.023142
1.340000 0.021951
1.350000 0.020775
1.360000 0.019615
1.370000 0.018470
1.380000 0.017340
1.390000 0.016225
1.400000 0.015124
1.410000 0.014039
1.420000 0.012968
1.430000 0.011911
1.440000 0.010869
1.450000 0.009841
1.460000 0.008827
1.470000 0.007827
1.480000 0.006841
1.490000 0.005869
1.500000 0.004910
1.510000 0.003964
1.520000 0.003032
1.530000 0.002114
1.540000 0.001208
1.550000 0.000316
1.560000 -0.000563
1.570000 -0.001430
1.580000 -0.002283
1.590000 -0.003124
1.600000 -0.003952
1.610000 -0.004768
1.620000 -0.005571
1.630000 -0.006362
1.640000 -0.007140
1.650000 -0.007907
1.660000 -0.008662
1.670000 -0.009404
1.680000 -0.010135
1.690000 -0.010855
1.700000 -0.011563
1.710000 -0.012259
1.720000 -0.012945
1.730000 -0.013619
1.740000 -0.014283
1.750000 -0.014935
1.760000 -0.015577
1.770000 -0.016208
1.780000 -0.016829
1.790000 -0.017440
1.800000 -0.018040
1.810000 -0.018630
1.820000 -0.019210
1.830000 -0.019780
1.840000 -0.020340
1.850000 -0.020891
1.860000 -0.021431
1.870000 -0.021963
1.880000 -0.022484
1.890000 -0.022997
1.900000 -0.023500
1.910000 -0.023994
1.920000 -0.024479
1.930000 -0.024955
1.940000 -0.025422
1.950000 -0.025881
1.960000 -0.026331
1.970000 -0.026773
1.980000 -0.027206
1.990000 -0.027631
2.000000 -0.028048
2.010000 -0.028456
2.020000 -0.028857
2.030000 -0.029250
2.040000 -0.029635
2.050000 -0.030012
2.060000 -0.030382
2.070000 -0.030744
2.080000 -0.031099
2.090000 -0.031447
2.100000 -0.031787
2.110000 -0.032120
2.120000 -0.032446
2.130000 -0.032765
2.140000 -0.033077
2.150000 -0.033382
2.160000 -0.033681
2.170000 -0.033973
2.180000 -0.034258
2.190000 -0.034537
2.200000 -0.034809
2.210000 -0.035076
2.220000 -0.035336
2.230000 -0.035589
2.240000 -0.035837
2.250000 -0.036079
2.260000 -0.036314
2.270000 -0.036544
2.280000 -0.036768
2.290000 -0.036986
2.300000 -0.037199
2.310000 -0.037405
2.320000 -0.037607
2.330000 -0.037803
2.340000 -0.037993
2.350000 -0.038179
2.360000 -0.038359
2.370000 -0.038534
2.380000 -0.038703
2.390000 -0.038868
2.400000 -0.039028
2.410000 -0.039183
2.420000 -0.039333
2.430000 -0.039479
2.440000 -0.039619
2.450000 -0.039756
2.460000 -0.039887
2.470000 -0.040015
2.480000 -0.040138
2.490000 -0.040256
2.500000 -0.040371
2.510000 -0.040481
2.520000 -0.040587
2.530000 -0.040689
2.540000 -0.040788
2.550000 -0.040882
2.560000 -0.040972
2.570000 -0.041058
2.580000 -0.041141
2.590000 -0.041219
2.600000 -0.041294
2.610000 -0.041366
2.620000 -0.041433
2.630000 -0.041497
2.640000 -0.041558
2.650000 -0.041615
2.660000 -0.041669
2.670000 -0.041719
2.680000 -0.041766
2.690000 -0.041810
2.700000 -0.041850
2.710000 -0.041888
2.720000 -0.041923
2.730000 -0.041954
2.740000 -0.041983
2.750000 -0.042009
2.760000 -0.042033
2.770000 -0.042053
2.780000 -0.042071
2.790000 -0.042087
2.800000 -0.042099
2.810000 -0.042110
2.820000 -0.042117
2.830000 -0.042122
2.840000 -0.042125
2.850000 -0.042125
2.860000 -0.042122
2.870000 -0.042118
2.880000 -0.042110
2.890000 -0.042100
2.900000 -0.042088
2.910000 -0.042074
2.920000 -0.042057
2.930000 -0.042038
2.940000 -0.042017
2.950000 -0.041994
2.960000 -0.041968
2.970000 -0.041941
2.980000 -0.041911
2.990000 -0.041879
3.000000 -0.041845
3.010000 -0.041810
3.020000 -0.041772
3.030000 -0.041733
3.040000 -0.041691
3.050000 -0.041648
3.060000 -0.041603
3.070000 -0.041556
3.080000 -0.041508
3.090000 -0.041458
3.100000 -0.041406
3.110000 -0.041352
3.120000 -0.041297
3.130000 -0.041241
3.140000 -0.041183
3.150000 -0.041123
3.160000 -0.041062
3.170000 -0.041000
3.180000 -0.040936
3.190000 -0.040870
3.200000 -0.040804
3.210000 -0.040736
3.220000 -0.040667
3.230000 -0.040596
3.240000 -0.040524
3.250000 -0.040452
3.260000 -0.040378
3.270000 -0.040302
3.280000 -0.040226
3.290000 -0.040149
3.300000 -0.040070
3.310000 -0.039991
3.320000 -0.039911
3.330000 -0.039829
3.340000 -0.039747
3.350000 -0.039663
3.360000 -0.039579
3.370000 -0.039493
3.380000 -0.039407
3.390000 -0.039320
3.400000 -0.039232
3.410000 -0.039143
3.420000 -0.039053
3.430000 -0.038962
3.440000 -0.038870
3.450000 -0.038778
3.460000 -0.038684
3.470000 -0.038590
3.480000 -0.038495
3.490000 -0.038400
3.500000 -0.038304
3.510000 -0.038207
3.520000 -0.038109
3.530000 -0.038010
3.540000 -0.037911
3.550000 -0.037810
3.560000 -0.037709
3.570000 -0.037607
3.580000 -0.037505
3.590000 -0.037401
3.600000 -0.037297
3.610000 -0.037192
3.620000 -0.037087
3.630000 -0.036980
3.640000 -0.036874
3.650000 -0.036766
3.660000 -0.036658
3.670000 -0.036550
3.680000 -0.036441
3.690000 -0.036332
3.700000 -0.036222
3.710000 -0.036112
3.720000 -0.036002
3.730000 -0.035891
3.740000 -0.035780
3.750000 -0.035668
3.760000 -0.035556
3.770000 -0.035444
3.780000 -0.035332
3.790000 -0.035219
3.800000 -0.035106
3.810000 -0.034992
3.820000 -0.034879
3.830000 -0.034765
3.840000 -0.034651
3.850000 -0.034537
3.860000 -0.034423
3.870000 -0.034308
3.880000 -0.034194
3.890000 -0.034079
3.900000 -0.033964
3.910000 -0.033849
3.920000 -0.033733
3.930000 -0.033618
3.940000 -0.033502
3.950000 -0.033387
3.960000 -0.033271
3.970000 -0.033154
3.980000 -0.033038
3.990000 -0.032922
4.000000 -0.032806
4.010000 -0.032689
4.020000 -0.032572
4.030000 -0.032456
4.040000 -0.032339
4.050000 -0.032222
4.060000 -0.032105
4.070000 -0.031989
4.080000 -0.031872
4.090000 -0.031755
4.100000 -0.031638
4.110000 -0.031521
4.120000 -0.031404
4.130000 -0.031287
4.140000 -0.031170
4.150000 -0.031053
4.160000 -0.030936
4.170000 -0.030819
4.180000 -0.030703
4.190000 -0.030586
4.200000 -0.030470
4.210000 -0.030353
4.220000 -0.030237
4.230000 -0.030121
4.240000 -0.030005
4.250000 -0.029889
4.260000 -0.029774
4.270000 -0.029659
4.280000 -0.029543
4.290000 -0.029429
4.300000 -0.029314
4.310000 -0.029199
4.320000 -0.029085
4.330000 -0.028971
4.340000 -0.028857
4.350000 -0.028744
4.360000 -0.028631
4.370000 -0.028518
4.380000 -0.028405
4.390000 -0.028292
4.400000 -0.028180
4.410000 -0.028068
4.420000 -0.027956
4.430000 -0.027845
4.440000 -0.027734
4.450000 -0.027623
4.460000 -0.027513
4.470000 -0.027402
4.480000 -0.027292
4.490000 -0.027183
4.500000 -0.027073
4.510000 -0.026964
4.520000 -0.026855
4.530000 -0.026746
4.540000 -0.026638
4.550000 -0.026529
4.560000 -0.026421
4.570000 -0.026313
4.580000 -0.026206
4.590000 -0.026099
4.600000 -0.025992
4.610000 -0.025886
4.620000 -0.025780
4.630000 -0.025674
4.640000 -0.025569
4.650000 -0.025464
4.660000 -0.025359
4.670000 -0.025255
4.680000 -0.025151
4.690000 -0.025048
4.700000 -0.024945
4.710000 -0.024843
4.720000 -0.024741
4.730000 -0.024639
4.740000 -0.024538
4.750000 -0.024437
4.760000 -0.024337
4.770000 -0.024237
4.780000 -0.024137
4.790000 -0.024038
4.800000 -0.023940
4.810000 -0.023842
4.820000 -0.023744
4.830000 -0.023647
4.840000 -0.023550
4.850000 -0.023454
4.860000 -0.023358
4.870000 -0.023262
4.880000 -0.023167
4.890000 -0.023073
4.900000 -0.022978
4.910000 -0.022884
4.920000 -0.022790
4.930000 -0.022697
4.940000 -0.022603
4.950000 -0.022510
4.960000 -0.022418
4.970000 -0.022325
4.980000 -0.022233
4.990000 -0.022141
5.000000 -0.022049
5.010000 -0.021958
5.020000 -0.021867
5.030000 -0.021776
5.040000 -0.021685
5.050000 -0.021595
5.060000 -0.021505
5.070000 -0.021416
5.080000 -0.021326
5.090000 -0.021237
5.100000 -0.021149
5.110000 -0.021061
5.120000 -0.020973
5.130000 -0.020886
5.140000 -0.020799
5.150000 -0.020712
5.160000 -0.020626
5.170000 -0.020540
5.180000 -0.020455
5.190000 -0.020370
5.200000 -0.020286
5.210000 -0.020202
5.220000 -0.020119
5.230000 -0.020036
5.240000 -0.019953
5.250000 -0.019871
5.260000 -0.019789
5.270000 -0.019707
5.280000 -0.019626
5.290000 -0.019545
5.300000 -0.019465
5.310000 -0.019385
5.320000 -0.019305
5.330000 -0.019226
5.340000 -0.019147
5.350000 -0.019068
5.360000 -0.018990
5.370000 -0.018912
5.380000 -0.018834
5.390000 -0.018757
5.400000 -0.018680
5.410000 -0.018603
5.420000 -0.018527
5.430000 -0.018451
5.440000 -0.018375
5.450000 -0.018300
5.460000 -0.018225
5.470000 -0.018151
5.480000 -0.018076
5.490000 -0.018002
5.500000 -0.017929
5.510000 -0.017855
5.520000 -0.017782
5.530000 -0.017709
5.540000 -0.017637
5.550000 -0.017564
5.560000 -0.017492
5.570000 -0.017420
5.580000 -0.017348
5.590000 -0.017277
5.600000 -0.017205
5.610000 -0.017134
5.620000 -0.017063
5.630000 -0.016992
5.640000 -0.016922
5.650000 -0.016851
5.660000 -0.016781
5.670000 -0.016711
5.680000 -0.016641
5.690000 -0.016571
5.700000 -0.016502
5.710000 -0.016433
5.720000 -0.016365
5.730000 -0.016297
5.740000 -0.016229
5.750000 -0.016161
5.760000 -0.016094
5.770000 -0.016027
5.780000 -0.015960
5.790000 -0.015893
5.800000 -0.015827
5.810000 -0.015762
5.820000 -0.015696
5.830000 -0.015631
5.840000 -0.015566
5.850000 -0.015502
5.860000 -0.015438
5.870000 -0.015374
5.880000 -0.015310
5.890000 -0.015247
5.900000 -0.015185
5.910000 -0.015122
5.920000 -0.015061
5.930000 -0.014999
5.940000 -0.014938
5.950000 -0.014878
5.960000 -0.014818
5.970000 -0.014758
5.980000 -0.014699
5.990000 -0.014640
6.000000 -0.014581
6.010000 -0.014523
6.020000 -0.014465
6.030000 -0.014408
6.040000 -0.014351
6.050000 -0.014294
6.060000 -0.014238
6.070000 -0.014182
6.080000 -0.014127
6.090000 -0.014071
6.100000 -0.014016
6.110000 -0.013962
6.120000 -0.013907
6.130000 -0.013853
6.140000 -0.013799
6.150000 -0.013745
6.160000 -0.013692
6.170000 -0.013639
6.180000 -0.013586
6.190000 -0.013533
6.200000 -0.013481
6.210000 -0.013429
6.220000 -0.013377
6.230000 -0.013326
6.240000 -0.013275
6.250000 -0.013224
6.260000 -0.013174
6.270000 -0.013124
6.280000 -0.013074
6.290000 -0.013024
6.300000 -0.012975
6.310000 -0.012926
6.320000 -0.012877
6.330000 -0.012829
6.340000 -0.012781
6.350000 -0.012733
6.360000 -0.012685
6.370000 -0.012637
6.380000 -0.012590
6.390000 -0.012544
6.400000 -0.012497
6.410000 -0.012451
6.420000 -0.012405
6.430000 -0.012359
6.440000 -0.012313
6.450000 -0.012268
6.460000 -0.012223
6.470000 -0.012178
6.480000 -0.012133
6.490000 -0.012088
6.500000 -0.012044
6.510000 -0.012000
6.520000 -0.011956
6.530000 -0.011913
6.540000 -0.011870
6.550000 -0.011828
6.560000 -0.011785
6.570000 -0.011744
6.580000 -0.011702
6.590000 -0.011661
6.600000 -0.011621
6.610000 -0.011581
6.620000 -0.011541
6.630000 -0.011501
6.640000 -0.011462
6.650000 -0.011423
6.660000 -0.011384
6.670000 -0.011345
6.680000 -0.011307
6.690000 -0.011269
6.700000 -0.011231
6.710000 -0.011193
6.720000 -0.011156
6.730000 -0.011119
6.740000 -0.011082
6.750000 -0.011046
6.760000 -0.011009
6.770000 -0.010973
6.780000 -0.010937
6.790000 -0.010902
6.800000 -0.010867
6.810000 -0.010832
6.820000 -0.010797
6.830000 -0.010762
6.840000 -0.010728
6.850000 -0.010694
6.860000 -0.010660
6.870000 -0.010626
6.880000 -0.010592
6.890000 -0.010559
6.900000 -0.010526
6.910000 -0.010493
6.920000 -0.010460
6.930000 -0.010427
6.940000 -0.010394
6.950000 -0.010362
6.960000 -0.010329
6.970000 -0.010297
6.980000 -0.010264
6.990000 -0.010232
7.000000 -0.010200
7.010000 -0.010168
7.020000 -0.010135
7.030000 -0.010103
7.040000 -0.010072
7.050000 -0.010040
7.060000 -0.010008
7.070000 -0.009977
7.080000 -0.009945
7.090000 -0.009914
7.100000 -0.009883
7.110000 -0.009852
7.120000 -0.009821
7.130000 -0.009791
7.140000 -0.009760
7.150000 -0.009730
7.160000 -0.009699
7.170000 -0.009669
7.180000 -0.009639
7.190000 -0.009609
7.200000 -0.009579
7.210000 -0.009549
7.220000 -0.009519
7.230000 -0.009489
7.240000 -0.009459
7.250000 -0.009430
7.260000 -0.009400
7.270000 -0.009370
7.280000 -0.009340
7.290000 -0.009311
7.300000 -0.009281
7.310000 -0.009252
7.320000 -0.009222
7.330000 -0.009193
7.340000 -0.009163
7.350000 -0.009134
7.360000 -0.009105
7.370000 -0.009076
7.380000 -0.009047
7.390000 -0.009017
7.400000 -0.008988
7.410000 -0.008959
7.420000 -0.008930
7.430000 -0.008900
7.440000 -0.008871
7.450000 -0.008841
7.460000 -0.008812
7.470000 -0.008782
7.480000 -0.008753
7.490000 -0.008723
7.500000 -0.008694
7.510000 -0.008665
7.520000 -0.008635
7.530000 -0.008606
7.540000 -0.008577
7.550000 -0.008548
7.560000 -0.008519
7.570000 -0.008490
7.580000 -0.008461
7.590000 -0.008432
7.600000 -0.008404
7.610000 -0.008375
7.620000 -0.008347
7.630000 -0.008319
7.640000 -0.008291
7.650000 -0.008263
7.660000 -0.008236
7.670000 -0.008208
7.680000 -0.008181
7.690000 -0.008153
7.700000 -0.008126
7.710000 -0.008099
7.720000 -0.008071
7.730000 -0.008044
7.740000 -0.008017
7.750000 -0.007991
7.760000 -0.007964
7.770000 -0.007938
7.780000 -0.007911
7.790000 -0.007885
7.800000 -0.007860
7.810000 -0.007834
7.820000 -0.007809
7.830000 -0.007784
7.840000 -0.007760
7.850000 -0.007736
7.860000 -0.007712
7.870000 -0.007688
7.880000 -0.007665
7.890000 -0.007642
7.900000 -0.007619
7.910000 -0.007596
7.920000 -0.007574
7.930000 -0.007552
7.940000 -0.007530
7.950000 -0.007509
7.960000 -0.007487
7.970000 -0.007466
7.980000 -0.007445
7.990000 -0.007424
8.000000 -0.007402
8.010000 -0.007381
8.020000 -0.007360
8.030000 -0.007339
8.040000 -0.007317
8.050000 -0.007296
8.060000 -0.007275
8.070000 -0.007253
8.080000 -0.007232
8.090000 -0.007211
8.100000 -0.007190
8.110000 -0.007169
8.120000 -0.007148
8.130000 -0.007128
8.140000 -0.007107
8.150000 -0.007087
8.160000 -0.007068
8.170000 -0.007048
8.180000 -0.007029
8.190000 -0.007010
8.200000 -0.006991
8.210000 -0.006973
8.220000 -0.006955
8.230000 -0.006937
8.240000 -0.006919
8.250000 -0.006901
8.260000 -0.006884
8.270000 -0.006867
8.280000 -0.006849
8.290000 -0.006832
8.300000 -0.006815
8.310000 -0.006798
8.320000 -0.006781
8.330000 -0.006764
8.340000 -0.006747
8.350000 -0.006730
8.360000 -0.006713
8.370000 -0.006696
8.380000 -0.006678
8.390000 -0.006661
8.400000 -0.006644
8.410000 -0.006627
8.420000 -0.006610
8.430000 -0.006593
8.440000 -0.006575
8.450000 -0.006558
8.460000 -0.006541
8.470000 -0.006524
8.480000 -0.006507
8.490000 -0.006490
8.500000 -0.006474
8.510000 -0.006457
8.520000 -0.006441
8.530000 -0.006425
8.540000 -0.006410
8.550000 -0.006395
8.560000 -0.006380
8.570000 -0.006365
8.580000 -0.006351
8.590000 -0.006337
8.600000 -0.006323
8.610000 -0.006310
8.620000 -0.006297
8.630000 -0.006284
8.640000 -0.006271
8.650000 -0.006259
8.660000 -0.006247
8.670000 -0.006235
8.680000 -0.006223
8.690000 -0.006211
8.700000 -0.006199
8.710000 -0.006188
8.720000 -0.006176
8.730000 -0.006164
8.740000 -0.006153
8.750000 -0.006141
8.760000 -0.006130
8.770000 -0.006118
8.780000 -0.006107
8.790000 -0.006095
8.800000 -0.006083
8.810000 -0.006072
8.820000 -0.006060
8.830000 -0.006049
8.840000 -0.006037
8.850000 -0.006026
8.860000 -0.006014
8.870000 -0.006003
8.880000 -0.005991
8.890000 -0.005980
8.900000 -0.005969
8.910000 -0.005957
8.920000 -0.005946
8.930000 -0.005935
8.940000 -0.005924
8.950000 -0.005912
8.960000 -0.005901
8.970000 -0.005890
8.980000 -0.005878
8.990000 -0.005867
9.000000 -0.005855
9.010000 -0.005843
9.020000 -0.005831
9.030000 -0.005819
9.040000 -0.005807
9.050000 -0.005795
9.060000 -0.005782
9.070000 -0.005770
9.080000 -0.005757
9.090000 -0.005744
9.100000 -0.005732
9.110000 -0.005719
9.120000 -0.005706
9.130000 -0.005693
9.140000 -0.005680
9.150000 -0.005668
9.160000 -0.005655
9.170000 -0.005642
9.180000 -0.005629
9.190000 -0.005617
9.200000 -0.005604
9.210000 -0.005591
9.220000 -0.005579
9.230000 -0.005566
9.240000 -0.005553
9.250000 -0.005540
9.260000 -0.005527
9.270000 -0.005514
9.280000 -0.005501
9.290000 -0.005488
9.300000 -0.005474
9.310000 -0.005461
9.320000 -0.005447
9.330000 -0.005433
9.340000 -0.005419
9.350000 -0.005405
9.360000 -0.005391
9.370000 -0.005376
9.380000 -0.005361
9.390000 -0.005347
9.400000 -0.005331
9.410000 -0.005316
9.420000 -0.005301
9.430000 -0.005286
9.440000 -0.005270
9.450000 -0.005254
9.460000 -0.005239
9.470000 -0.005223
9.480000 -0.005208
9.490000 -0.005192
9.500000 -0.005176
9.510000 -0.005161
9.520000 -0.005145
9.530000 -0.005130
9.540000 -0.005114
9.550000 -0.005099
9.560000 -0.005084
9.570000 -0.005069
9.580000 -0.005054
9.590000 -0.005039
9.600000 -0.005024
9.610000 -0.005010
9.620000 -0.004995
9.630000 -0.004981
9.640000 -0.004966
9.650000 -0.004952
9.660000 -0.004938
9.670000 -0.004924
9.680000 -0.004910
9.690000 -0.004896
9.700000 -0.004882
9.710000 -0.004869
9.720000 -0.004855
9.730000 -0.004842
9.740000 -0.004828
9.750000 -0.004815
9.760000 -0.004802
9.770000 -0.004789
9.780000 -0.004776
9.790000 -0.004763
9.800000 -0.004751
9.810000 -0.004738
9.820000 -0.004725
9.830000 -0.004712
9.840000 -0.004700
9.850000 -0.004687
9.860000 -0.004674
9.870000 -0.004662
9.880000 -0.004649
9.890000 -0.004636
9.900000 -0.004623
9.910000 -0.004609
9.920000 -0.004596
9.930000 -0.004582
9.940000 -0.004568
9.950000 -0.004555
9.960000 -0.004541
9.970000 -0.004527
9.980000 -0.004513
9.990000 -0.004498
10.000000 -0.004484
10.010000 -0.004470
10.020000 -0.004457
10.030000 -0.004443
10.040000 -0.004429
10.050000 -0.004415
10.060000 -0.004402
10.070000 -0.004388
10.080000 -0.004375
10.090000 -0.004362
10.100000 -0.004349
10.110000 -0.004336
10.120000 -0.004323
10.130000 -0.004310
10.140000 -0.004298
10.150000 -0.004286
10.160000 -0.004273
10.170000 -0.004261
10.180000 -0.004249
10.190000 -0.004238
10.200000 -0.004226
10.210000 -0.004215
10.220000 -0.004204
10.230000 -0.004192
10.240000 -0.004181
10.250000 -0.004170
10.260000 -0.004159
10.270000 -0.004148
10.280000 -0.004137
10.290000 -0.004126
10.300000 -0.004116
10.310000 -0.004105
10.320000 -0.004094
10.330000 -0.004084
10.340000 -0.004073
10.350000 -0.004063
10.360000 -0.004053
10.370000 -0.004042
10.380000 -0.004032
10.390000 -0.004022
10.400000 -0.004012
10.410000 -0.004002
10.420000 -0.003992
10.430000 -0.003982
10.440000 -0.003973
10.450000 -0.003963
10.460000 -0.003954
10.470000 -0.003945
10.480000 -0.003935
10.490000 -0.003926
10.500000 -0.003917
10.510000 -0.003908
10.520000 -0.003899
10.530000 -0.003891
10.540000 -0.003882
10.550000 -0.003873
10.560000 -0.003865
10.570000 -0.003856
10.580000 -0.003847
10.590000 -0.003839
10.600000 -0.003830
10.610000 -0.003822
10.620000 -0.003813
10.630000 -0.003805
10.640000 -0.003797
10.650000 -0.003788
10.660000 -0.003780
10.670000 -0.003772
10.680000 -0.003763
10.690000 -0.003755
10.700000 -0.003747
10.710000 -0.003738
10.720000 -0.003730
10.730000 -0.003721
10.740000 -0.003713
10.750000 -0.003705
10.760000 -0.003696
10.770000 -0.003687
10.780000 -0.003679
10.790000 -0.003670
10.800000 -0.003662
10.810000 -0.003653
10.820000 -0.003644
10.830000 -0.003636
10.840000 -0.003627
10.850000 -0.003618
10.860000 -0.003609
10.870000 -0.003601
10.880000 -0.003592
10.890000 -0.003583
10.900000 -0.003574
10.910000 -0.003565
10.920000 -0.003556
10.930000 -0.003547
10.940000 -0.003538
10.950000 -0.003529
10.960000 -0.003520
10.970000 -0.003511
10.980000 -0.003503
10.990000 -0.003494
11.000000 -0.003485
11.010000 -0.003476
11.020000 -0.003467
11.030000 -0.003458
11.040000 -0.003449
11.050000 -0.003439
11.060000 -0.003430
11.070000 -0.003421
11.080000 -0.003412
11.090000 -0.003402
11.100000 -0.003393
11.110000 -0.003383
11.120000 -0.003374
11.130000 -0.003364
11.140000 -0.003354
11.150000 -0.003344
11.160000 -0.003334
11.170000 -0.003324
11.180000 -0.003315
11.190000 -0.003305
11.200000 -0.003295
11.210000 -0.003285
11.220000 -0.003276
11.230000 -0.003266
11.240000 -0.003257
11.250000 -0.003247
11.260000 -0.003238
11.270000 -0.003229
11.280000 -0.003220
11.290000 -0.003211
11.300000 -0.003202
11.310000 -0.003193
11.320000 -0.003184
11.330000 -0.003175
11.340000 -0.003167
11.350000 -0.003158
11.360000 -0.003150
11.370000 -0.003141
11.380000 -0.003133
11.390000 -0.003125
11.400000 -0.003116
11.410000 -0.003108
11.420000 -0.003100
11.430000 -0.003093
11.440000 -0.003085
11.450000 -0.003077
11.460000 -0.003070
11.470000 -0.003062
11.480000 -0.003055
11.490000 -0.003048
11.500000 -0.003041
11.510000 -0.003034
11.520000 -0.003027
11.530000 -0.003021
11.540000 -0.003014
11.550000 -0.003008
11.560000 -0.003002
11.570000 -0.002996
11.580000 -0.002990
11.590000 -0.002984
11.600000 -0.002978
11.610000 -0.002973
11.620000 -0.002967
11.630000 -0.002962
11.640000 -0.002956
11.650000 -0.002951
11.660000 -0.002945
11.670000 -0.002939
11.680000 -0.002934
11.690000 -0.002928
11.700000 -0.002923
11.710000 -0.002917
11.720000 -0.002912
11.730000 -0.002906
11.740000 -0.002901
11.750000 -0.002895
11.760000 -0.002890
11.770000 -0.002884
11.780000 -0.002878
11.790000 -0.002873
11.800000 -0.002867
11.810000 -0.002861
11.820000 -0.002855
11.830000 -0.002849
11.840000 -0.002842
11.850000 -0.002836
11.860000 -0.002829
11.870000 -0.002822
11.880000 -0.002816
11.890000 -0.002809
11.900000 -0.002802
11.910000 -0.002795
11.920000 -0.002788
11.930000 -0.002781
11.940000 -0.002774
11.950000 -0.002766
11.960000 -0.002759
11.970000 -0.002752
11.980000 -0.002745
11.990000 -0.002738
12.000000 -0.002731
12.010000 -0.002724
12.020000 -0.002717
12.030000 -0.002711
12.040000 -0.002704
12.050000 -0.002698
12.060000 -0.002691
12.070000 -0.002685
12.080000 -0.002679
12.090000 -0.002673
12.100000 -0.002667
12.110000 -0.002661
12.120000 -0.002655
12.130000 -0.002649
12.140000 -0.002644
12.150000 -0.002638
12.160000 -0.002632
12.170000 -0.002627
12.180000 -0.002621
12.190000 -0.002615
12.200000 -0.002610
12.210000 -0.002604
12.220000 -0.002598
12.230000 -0.002593
12.240000 -0.002587
12.250000 -0.002581
12.260000 -0.002575
12.270000 -0.002570
12.280000 -0.002564
12.290000 -0.002558
12.300000 -0.002552
12.310000 -0.002546
12.320000 -0.002540
12.330000 -0.002534
12.340000 -0.002528
12.350000 -0.002522
12.360000 -0.002516
12.370000 -0.002510
12.380000 -0.002503
12.390000 -0.002497
12.400000 -0.002490
12.410000 -0.002483
12.420000 -0.002476
12.430000 -0.002469
12.440000 -0.002462
12.450000 -0.002454
12.460000 -0.002447
12.470000 -0.002440
12.480000 -0.002432
12.490000 -0.002425
12.500000 -0.002417
12.510000 -0.002409
12.520000 -0.002402
12.530000 -0.002395
12.540000 -0.002387
12.550000 -0.002380
12.560000 -0.002373
12.570000 -0.002365
12.580000 -0.002358
12.590000 -0.002351
12.600000 -0.002344
12.610000 -0.002337
12.620000 -0.002330
12.630000 -0.002323
12.640000 -0.002317
12.650000 -0.002310
12.660000 -0.002303
12.670000 -0.002297
12.680000 -0.002290
12.690000 -0.002284
12.700000 -0.002277
12.710000 -0.002271
12.720000 -0.002265
12.730000 -0.002258
12.740000 -0.002252
12.750000 -0.002246
12.760000 -0.002241
12.770000 -0.002235
12.780000 -0.002229
12.790000 -0.002223
12.800000 -0.002218
12.810000 -0.002212
12.820000 -0.002207
12.830000 -0.002201
12.840000 -0.002196
12.850000 -0.002191
12.860000 -0.002186
12.870000 -0.002180
12.880000 -0.002175
12.890000 -0.002170
12.900000 -0.002165
12.910000 -0.002160
12.920000 -0.002156
12.930000 -0.002151
12.940000 -0.002146
12.950000 -0.002141
12.960000 -0.002136
12.970000 -0.002131
12.980000 -0.002126
12.990000 -0.002121
13.000000 -0.002116
13.010000 -0.002111
13.020000 -0.002106
13.030000 -0.002101
13.040000 -0.002096
13.050000 -0.002091
13.060000 -0.002086
13.070000 -0.002081
13.080000 -0.002075
13.090000 -0.002070
13.100000 -0.002065
13.110000 -0.002060
13.120000 -0.002055
13.130000 -0.002051
13.140000 -0.002046
13.150000 -0.002041
13.160000 -0.002036
13.170000 -0.002032
13.180000 -0.002027
13.190000 -0.002022
13.200000 -0.002018
13.210000 -0.002013
13.220000 -0.002008
13.230000 -0.002003
13.240000 -0.001998
13.250000 -0.001993
13.260000 -0.001988
13.270000 -0.001983
13.280000 -0.001978
13.290000 -0.001972
13.300000 -0.001967
13.310000 -0.001962
13.320000 -0.001957
13.330000 -0.001952
13.340000 -0.001946
13.350000 -0.001941
13.360000 -0.001936
13.370000 -0.001931
13.380000 -0.001926
13.390000 -0.001921
13.400000 -0.001916
13.410000 -0.001911
13.420000 -0.001906
13.430000 -0.001901
13.440000 -0.001896
13.450000 -0.001891
13.460000 -0.001886
13.470000 -0.001881
13.480000 -0.001876
13.490000 -0.001871
13.500000 -0.001866
13.510000 -0.001860
13.520000 -0.001855
13.530000 -0.001849
13.540000 -0.001844
13.550000 -0.001838
13.560000 -0.001833
13.570000 -0.001827
13.580000 -0.001821
13.590000 -0.001816
13.600000 -0.001810
13.610000 -0.001805
13.620000 -0.001799
13.630000 -0.001794
13.640000 -0.001788
13.650000 -0.001783
13.660000 -0.001778
13.670000 -0.001773
13.680000 -0.001768
13.690000 -0.001763
13.700000 -0.001758
13.710000 -0.001753
13.720000 -0.001749
13.730000 -0.001744
13.740000 -0.001739
13.750000 -0.001735
13.760000 -0.001730
13.770000 -0.001726
13.780000 -0.001721
13.790000 -0.001717
13.800000 -0.001712
13.810000 -0.001707
13.820000 -0.001703
13.830000 -0.001698
13.840000 -0.001693
13.850000 -0.001689
13.860000 -0.001684
13.870000 -0.001679
13.880000 -0.001674
13.890000 -0.001669
13.900000 -0.001664
13.910000 -0.001659
13.920000 -0.001654
13.930000 -0.001649
13.940000 -0.001644
13.950000 -0.001639
13.960000 -0.001634
13.970000 -0.001629
13.980000 -0.001624
13.990000 -0.001619
14.000000 -0.001614
14.010000 -0.001609
14.020000 -0.001604
14.030000 -0.001599
14.040000 -0.001594
14.050000 -0.001590
14.060000 -0.001585
14.070000 -0.001580
14.080000 -0.001575
14.090000 -0.001570
14.100000 -0.001565
14.110000 -0.001561
14.120000 -0.001556
14.130000 -0.001552
14.140000 -0.001547
14.150000 -0.001543
14.160000 -0.001539
14.170000 -0.001535
14.180000 -0.001530
14.190000 -0.001526
14.200000 -0.001522
14.210000 -0.001518
14.220000 -0.001513
14.230000 -0.001509
14.240000 -0.001505
14.250000 -0.001500
14.260000 -0.001496
14.270000 -0.001492
14.280000 -0.001488
14.290000 -0.001484
14.300000 -0.001480
14.310000 -0.001476
14.320000 -0.001472
14.330000 -0.001468
14.340000 -0.001465
14.350000 -0.001461
14.360000 -0.001458
14.370000 -0.001455
14.380000 -0.001452
14.390000 -0.001449
14.400000 -0.001447
14.410000 -0.001444
14.420000 -0.001442
14.430000 -0.001439
14.440000 -0.001437
14.450000 -0.001435
14.460000 -0.001432
14.470000 -0.001430
14.480000 -0.001428
14.490000 -0.001426
14.500000 -0.001424
14.510000 -0.001422
14.520000 -0.001420
14.530000 -0.001418
14.540000 -0.001416
14.550000 -0.001414
14.560000 -0.001412
14.570000 -0.001410
14.580000 -0.001408
14.590000 -0.001407
14.600000 -0.001405
14.610000 -0.001403
14.620000 -0.001401
14.630000 -0.001400
14.640000 -0.001398
14.650000 -0.001396
14.660000 -0.001395
14.670000 -0.001393
14.680000 -0.001391
14.690000 -0.001389
14.700000 -0.001388
14.710000 -0.001386
14.720000 -0.001384
14.730000 -0.001382
14.740000 -0.001380
14.750000 -0.001378
14.760000 -0.001376
14.770000 -0.001374
14.780000 -0.001372
14.790000 -0.001370
14.800000 -0.001368
14.810000 -0.001366
14.820000 -0.001364
14.830000 -0.001362
14.840000 -0.001360
14.850000 -0.001358
14.860000 -0.001356
14.870000 -0.001354
14.880000 -0.001352
14.890000 -0.001350
14.900000 -0.001349
14.910000 -0.001347
14.920000 -0.001346
14.930000 -0.001344
14.940000 -0.001343
14.950000 -0.001341
14.960000 -0.001340
14.970000 -0.001338
14.980000 -0.001337
14.990000 -0.001335
15.000000 -0.001334
15.010000 -0.001332
15.020000 -0.001331
15.030000 -0.001329
15.040000 -0.001327
15.050000 -0.001326
15.060000 -0.001324
15.070000 -0.001323
15.080000 -0.001321
15.090000 -0.001319
15.100000 -0.001318
15.110000 -0.001316
15.120000 -0.001315
15.130000 -0.001313
15.140000 -0.001312
15.150000 -0.001310
15.160000 -0.001308
15.170000 -0.001306
15.180000 -0.001305
15.190000 -0.001303
15.200000 -0.001301
15.210000 -0.001299
15.220000 -0.001297
15.230000 -0.001295
15.240000 -0.001293
15.250000 -0.001291
15.260000 -0.001289
15.270000 -0.001287
15.280000 -0.001285
15.290000 -0.001283
15.300000 -0.001281
15.310000 -0.001280
15.320000 -0.001278
15.330000 -0.001276
15.340000 -0.001274
15.350000 -0.001273
15.360000 -0.001271
15.370000 -0.001270
15.380000 -0.001269
15.390000 -0.001268
15.400000 -0.001267
15.410000 -0.001266
15.420000 -0.001265
15.430000 -0.001264
15.440000 -0.001264
15.450000 -0.001263
15.460000 -0.001262
15.470000 -0.001262
15.480000 -0.001262
15.490000 -0.001261
15.500000 -0.001261
15.510000 -0.001261
15.520000 -0.001261
15.530000 -0.001261
15.540000 -0.001261
15.550000 -0.001261
15.560000 -0.001262
15.570000 -0.001262
15.580000 -0.001262
15.590000 -0.001262
15.600000 -0.001262
15.610000 -0.001262
15.620000 -0.001262
15.630000 -0.001261
15.640000 -0.001261
15.650000 -0.001260
15.660000 -0.001260
15.670000 -0.001259
15.680000 -0.001258
15.690000 -0.001257
15.700000 -0.001256
15.710000 -0.001256
15.720000 -0.001255
15.730000 -0.001254
15.740000 -0.001253
15.750000 -0.001252
15.760000 -0.001251
15.770000 -0.001250
15.780000 -0.001249
15.790000 -0.001248
15.800000 -0.001247
15.810000 -0.001246
15.820000 -0.001245
15.830000 -0.001244
15.840000 -0.001243
15.850000 -0.001242
15.860000 -0.001240
15.870000 -0.001239
15.880000 -0.001238
15.890000 -0.001237
15.900000 -0.001235
15.910000 -0.001234
15.920000 -0.001232
15.930000 -0.001231
15.940000 -0.001229
15.950000 -0.001227
15.960000 -0.001225
15.970000 -0.001223
15.980000 -0.001220
15.990000 -0.001218
16.000000 -0.001215
16.010000 -0.001213
16.020000 -0.001210
16.030000 -0.001207
16.040000 -0.001204
16.050000 -0.001202
16.060000 -0.001199
16.070000 -0.001196
16.080000 -0.001192
16.090000 -0.001189
16.100000 -0.001186
16.110000 -0.001183
16.120000 -0.001180
16.130000 -0.001176
16.140000 -0.001173
16.150000 -0.001169
16.160000 -0.001166
16.170000 -0.001162
16.180000 -0.001158
16.190000 -0.001154
16.200000 -0.001150
16.210000 -0.001146
16.220000 -0.001142
16.230000 -0.001138
16.240000 -0.001134
16.250000 -0.001130
16.260000 -0.001127
16.270000 -0.001123
16.280000 -0.001119
16.290000 -0.001115
16.300000 -0.001111
16.310000 -0.001108
16.320000 -0.001104
16.330000 -0.001101
16.340000 -0.001098
16.350000 -0.001095
16.360000 -0.001092
16.370000 -0.001089
16.380000 -0.001086
16.390000 -0.001083
16.400000 -0.001080
16.410000 -0.001078
16.420000 -0.001075
16.430000 -0.001072
16.440000 -0.001070
16.450000 -0.001067
16.460000 -0.001065
16.470000 -0.001062
16.480000 -0.001060
16.490000 -0.001058
16.500000 -0.001056
16.510000 -0.001054
16.520000 -0.001052
16.530000 -0.001050
16.540000 -0.001048
16.550000 -0.001046
16.560000 -0.001045
16.570000 -0.001043
16.580000 -0.001042
16.590000 -0.001040
16.600000 -0.001039
16.610000 -0.001038
16.620000 -0.001037
16.630000 -0.001036
16.640000 -0.001034
16.650000 -0.001033
16.660000 -0.001032
16.670000 -0.001031
16.680000 -0.001030
16.690000 -0.001029
16.700000 -0.001028
16.710000 -0.001027
16.720000 -0.001026
16.730000 -0.001025
16.740000 -0.001024
16.750000 -0.001023
16.760000 -0.001023
16.770000 -0.001022
16.780000 -0.001022
16.790000 -0.001021
16.800000 -0.001021
16.810000 -0.001021
16.820000 -0.001020
16.830000 -0.001020
16.840000 -0.001020
16.850000 -0.001020
16.860000 -0.001020
16.870000 -0.001021
16.880000 -0.001021
16.890000 -0.001021
16.900000 -0.001021
16.910000 -0.001022
16.920000 -0.001022
16.930000 -0.001022
16.940000 -0.001023
16.950000 -0.001023
16.960000 -0.001023
16.970000 -0.001023
16.980000 -0.001023
16.990000 -0.001023
17.000000 -0.001023
17.010000 -0.001022
17.020000 -0.001021
17.030000 -0.001021
17.040000 -0.001020
17.050000 -0.001019
17.060000 -0.001018
17.070000 -0.001017
17.080000 -0.001016
17.090000 -0.001014
17.100000 -0.001013
17.110000 -0.001012
17.120000 -0.001010
17.130000 -0.001009
17.140000 -0.001008
17.150000 -0.001006
17.160000 -0.001005
17.170000 -0.001003
17.180000 -0.001002
17.190000 -0.001001
17.200000 -0.000999
17.210000 -0.000998
17.220000 -0.000996
17.230000 -0.000994
17.240000 -0.000993
17.250000 -0.000991
17.260000 -0.000989
17.270000 -0.000987
17.280000 -0.000985
17.290000 -0.000983
17.300000 -0.000981
17.310000 -0.000979
17.320000 -0.000976
17.330000 -0.000974
17.340000 -0.000972
17.350000 -0.000970
17.360000 -0.000968
17.370000 -0.000966
17.380000 -0.000964
17.390000 -0.000962
17.400000 -0.000961
17.410000 -0.000959
17.420000 -0.000958
17.430000 -0.000956
17.440000 -0.000955
17.450000 -0.000954
17.460000 -0.000953
17.470000 -0.000952
17.480000 -0.000950
17.490000 -0.000949
17.500000 -0.000948
17.510000 -0.000947
17.520000 -0.000946
17.530000 -0.000944
17.540000 -0.000943
17.550000 -0.000942
17.560000 -0.000940
17.570000 -0.000938
17.580000 -0.000937
17.590000 -0.000935
17.600000 -0.000933
17.610000 -0.000931
17.620000 -0.000929
17.630000 -0.000927
17.640000 -0.000925
17.650000 -0.000923
17.660000 -0.000921
17.670000 -0.000919
17.680000 -0.000917
17.690000 -0.000915
17.700000 -0.000914
17.710000 -0.000912
17.720000 -0.000910
17.730000 -0.000908
17.740000 -0.000907
17.750000 -0.000905
17.760000 -0.000903
17.770000 -0.000901
17.780000 -0.000900
17.790000 -0.000898
17.800000 -0.000896
17.810000 -0.000894
17.820000 -0.000892
17.830000 -0.000889
17.840000 -0.000887
17.850000 -0.000885
17.860000 -0.000883
17.870000 -0.000880
17.880000 -0.000878
17.890000 -0.000876
17.900000 -0.000874
17.910000 -0.000872
17.920000 -0.000870
17.930000 -0.000868
17.940000 -0.000866
17.950000 -0.000864
17.960000 -0.000862
17.970000 -0.000860
17.980000 -0.000858
17.990000 -0.000856
18.000000 -0.000854
18.010000 -0.000852
18.020000 -0.000850
18.030000 -0.000848
18.040000 -0.000847
18.050000 -0.000845
18.060000 -0.000844
18.070000 -0.000842
18.080000 -0.000841
18.090000 -0.000840
18.100000 -0.000838
18.110000 -0.000837
18.120000 -0.000836
18.130000 -0.000834
18.140000 -0.000833
18.150000 -0.000832
18.160000 -0.000830
18.170000 -0.000829
18.180000 -0.000827
18.190000 -0.000825
18.200000 -0.000824
18.210000 -0.000822
18.220000 -0.000820
18.230000 -0.000818
18.240000 -0.000816
18.250000 -0.000814
18.260000 -0.000812
18.270000 -0.000810
18.280000 -0.000808
18.290000 -0.000806
18.300000 -0.000804
18.310000 -0.000802
18.320000 -0.000800
18.330000 -0.000798
18.340000 -0.000796
18.350000 -0.000794
18.360000 -0.000792
18.370000 -0.000790
18.380000 -0.000788
18.390000 -0.000785
18.400000 -0.000783
18.410000 -0.000781
18.420000 -0.000779
18.430000 -0.000777
18.440000 -0.000775
18.450000 -0.000773
18.460000 -0.000771
18.470000 -0.000770
18.480000 -0.000768
18.490000 -0.000767
18.500000 -0.000766
18.510000 -0.000765
18.520000 -0.000764
18.530000 -0.000763
18.540000 -0.000763
18.550000 -0.000762
18.560000 -0.000762
18.570000 -0.000761
18.580000 -0.000761
18.590000 -0.000760
18.600000 -0.000759
18.610000 -0.000758
18.620000 -0.000758
18.630000 -0.000756
18.640000 -0.000755
18.650000 -0.000754
18.660000 -0.000752
18.670000 -0.000751
18.680000 -0.000749
18.690000 -0.000747
18.700000 -0.000745
18.710000 -0.000743
18.720000 -0.000740
18.730000 -0.000738
18.740000 -0.000736
18.750000 -0.000734
18.760000 -0.000731
18.770000 -0.000729
18.780000 -0.000727
18.790000 -0.000724
18.800000 -0.000722
18.810000 -0.000719
18.820000 -0.000717
18.830000 -0.000715
18.840000 -0.000712
18.850000 -0.000709
18.860000 -0.000707
18.870000 -0.000704
18.880000 -0.000702
18.890000 -0.000699
18.900000 -0.000697
18.910000 -0.000695
18.920000 -0.000692
18.930000 -0.000690
18.940000 -0.000688
18.950000 -0.000686
18.960000 -0.000685
18.970000 -0.000683
18.980000 -0.000682
18.990000 -0.000680
19.000000 -0.000679
19.010000 -0.000678
19.020000 -0.000677
19.030000 -0.000676
19.040000 -0.000675
19.050000 -0.000674
19.060000 -0.000673
19.070000 -0.000673
19.080000 -0.000672
19.090000 -0.000671
19.100000 -0.000670
19.110000 -0.000669
19.120000 -0.000668
19.130000 -0.000667
19.140000 -0.000667
19.150000 -0.000666
19.160000 -0.000665
19.170000 -0.000664
19.180000 -0.000663
19.190000 -0.000662
19.200000 -0.000661
19.210000 -0.000660
19.220000 -0.000659
19.230000 -0.000658
19.240000 -0.000657
19.250000 -0.000655
19.260000 -0.000654
19.270000 -0.000652
19.280000 -0.000650
19.290000 -0.000649
19.300000 -0.000647
19.310000 -0.000645
19.320000 -0.000643
19.330000 -0.000641
19.340000 -0.000639
19.350000 -0.000637
19.360000 -0.000635
19.370000 -0.000633
19.380000 -0.000630
19.390000 -0.000628
19.400000 -0.000626
19.410000 -0.000623
19.420000 -0.000621
19.430000 -0.000618
19.440000 -0.000616
19.450000 -0.000613
19.460000 -0.000611
19.470000 -0.000609
19.480000 -0.000606
19.490000 -0.000604
19.500000 -0.000602
19.510000 -0.000599
19.520000 -0.000597
19.530000 -0.000595
19.540000 -0.000592
19.550000 -0.000589
19.560000 -0.000587
19.570000 -0.000584
19.580000 -0.000581
19.590000 -0.000577
19.600000 -0.000574
19.610000 -0.000571
19.620000 -0.000568
19.630000 -0.000564
19.640000 -0.000561
19.650000 -0.000557
19.660000 -0.000554
19.670000 -0.000550
19.680000 -0.000547
19.690000 -0.000543
19.700000 -0.000540
19.710000 -0.000537
19.720000 -0.000533
19.730000 -0.000530
19.740000 -0.000527
19.750000 -0.000523
19.760000 -0.000520
19.770000 -0.000517
19.780000 -0.000514
19.790000 -0.000510
19.800000 -0.000507
19.810000 -0.000504
19.820000 -0.000500
19.830000 -0.000497
19.840000 -0.000493
19.850000 -0.000490
19.860000 -0.000486
19.870000 -0.000482
19.880000 -0.000479
19.890000 -0.000475
19.900000 -0.000471
19.910000 -0.000466
19.920000 -0.000462
19.930000 -0.000458
19.940000 -0.000453
19.950000 -0.000449
19.960000 -0.000444
19.970000 -0.000439
19.980000 -0.000435
19.990000 -0.000430
20.000000 -0.000425
20.010000 -0.000420
20.020000 -0.000415
20.030000 -0.000411
20.040000 -0.000406
20.050000 -0.000401
20.060000 -0.000396
20.070000 -0.000392
20.080000 -0.000387
20.090000 -0.000382
20.100000 -0.000378
20.110000 -0.000373
20.120000 -0.000368
20.130000 -0.000364
20.140000 -0.000359
20.150000 -0.000355
20.160000 -0.000350
20.170000 -0.000346
20.180000 -0.000341
20.190000 -0.000337
20.200000 -0.000333
20.210000 -0.000329
20.220000 -0.000325
20.230000 -0.000321
20.240000 -0.000317
20.250000 -0.000313
20.260000 -0.000310
20.270000 -0.000307
20.280000 -0.000304
20.290000 -0.000301
20.300000 -0.000298
20.310000 -0.000295
20.320000 -0.000293
20.330000 -0.000290
20.340000 -0.000288
20.350000 -0.000285
20.360000 -0.000283
20.370000 -0.000280
20.380000 -0.000278
20.390000 -0.000275
20.400000 -0.000273
20.410000 -0.000270
20.420000 -0.000268
20.430000 -0.000265
20.440000 -0.000263
20.450000 -0.000261
20.460000 -0.000259
20.470000 -0.000256
20.480000 -0.000254
20.490000 -0.000252
20.500000 -0.000250
20.510000 -0.000248
20.520000 -0.000246
20.530000 -0.000244
20.540000 -0.000242
20.550000 -0.000240
20.560000 -0.000238
20.570000 -0.000236
20.580000 -0.000234
20.590000 -0.000233
20.600000 -0.000231
20.610000 -0.000229
20.620000 -0.000227
20.630000 -0.000225
20.640000 -0.000224
20.650000 -0.000222
20.660000 -0.000220
20.670000 -0.000219
20.680000 -0.000218
20.690000 -0.000217
20.700000 -0.000216
20.710000 -0.000215
20.720000 -0.000214
20.730000 -0.000214
20.740000 -0.000213
20.750000 -0.000213
20.760000 -0.000213
20.770000 -0.000214
20.780000 -0.000214
20.790000 -0.000215
20.800000 -0.000215
20.810000 -0.000216
20.820000 -0.000217
20.830000 -0.000218
20.840000 -0.000219
20.850000 -0.000220
20.860000 -0.000221
20.870000 -0.000222
20.880000 -0.000223
20.890000 -0.000225
20.900000 -0.000226
20.910000 -0.000228
20.920000 -0.000229
20.930000 -0.000231
20.940000 -0.000233
20.950000 -0.000234
20.960000 -0.000236
20.970000 -0.000238
20.980000 -0.000240
20.990000 -0.000242
21.000000 -0.000244
21.010000 -0.000247
21.020000 -0.000249
21.030000 -0.000251
21.040000 -0.000254
21.050000 -0.000256
21.060000 -0.000258
21.070000 -0.000261
21.080000 -0.000263
21.090000 -0.000265
21.100000 -0.000268
21.110000 -0.000270
21.120000 -0.000272
21.130000 -0.000275
21.140000 -0.000277
21.150000 -0.000279
21.160000 -0.000281
21.170000 -0.000283
21.180000 -0.000285
21.190000 -0.000287
21.200000 -0.000289
21.210000 -0.000291
21.220000 -0.000292
21.230000 -0.000294
21.240000 -0.000296
21.250000 -0.000298
21.260000 -0.000300
21.270000 -0.000301
21.280000 -0.000303
21.290000 -0.000305
21.300000 -0.000306
21.310000 -0.000308
21.320000 -0.000309
21.330000 -0.000311
21.340000 -0.000312
21.350000 -0.000314
21.360000 -0.000315
21.370000 -0.000316
21.380000 -0.000318
21.390000 -0.000319
21.400000 -0.000321
21.410000 -0.000322
21.420000 -0.000323
21.430000 -0.000324
21.440000 -0.000326
21.450000 -0.000327
21.460000 -0.000328
21.470000 -0.000329
21.480000 -0.000330
21.490000 -0.000331
21.500000 -0.000332
21.510000 -0.000333
21.520000 -0.000334
21.530000 -0.000335
21.540000 -0.000336
21.550000 -0.000338
21.560000 -0.000339
21.570000 -0.000340
21.580000 -0.000342
21.590000 -0.000343
21.600000 -0.000345
21.610000 -0.000347
21.620000 -0.000349
21.630000 -0.000351
21.640000 -0.000352
21.650000 -0.000354
21.660000 -0.000357
21.670000 -0.000359
21.680000 -0.000361
21.690000 -0.000363
21.700000 -0.000366
21.710000 -0.000368
21.720000 -0.000370
21.730000 -0.000373
21.740000 -0.000376
21.750000 -0.000378
21.760000 -0.000381
21.770000 -0.000383
21.780000 -0.000386
21.790000 -0.000388
21.800000 -0.000391
21.810000 -0.000393
21.820000 -0.000396
21.830000 -0.000398
21.840000 -0.000400
21.850000 -0.000402
21.860000 -0.000404
21.870000 -0.000407
21.880000 -0.000409
21.890000 -0.000410
21.900000 -0.000412
21.910000 -0.000414
21.920000 -0.000416
21.930000 -0.000417
21.940000 -0.000419
21.950000 -0.000420
21.960000 -0.000421
21.970000 -0.000422
21.980000 -0.000423
21.990000 -0.000423
22.000000 -0.000424
22.010000 -0.000424
22.020000 -0.000424
22.030000 -0.000424
22.040000 -0.000424
22.050000 -0.000424
22.060000 -0.000424
22.070000 -0.000423
22.080000 -0.000423
22.090000 -0.000422
22.100000 -0.000421
22.110000 -0.000420
22.120000 -0.000419
22.130000 -0.000418
22.140000 -0.000417
22.150000 -0.000415
22.160000 -0.000414
22.170000 -0.000412
22.180000 -0.000411
22.190000 -0.000409
22.200000 -0.000407
22.210000 -0.000405
22.220000 -0.000403
22.230000 -0.000401
22.240000 -0.000399
22.250000 -0.000397
22.260000 -0.000395
22.270000 -0.000393
22.280000 -0.000391
22.290000 -0.000389
22.300000 -0.000387
22.310000 -0.000385
22.320000 -0.000384
22.330000 -0.000382
22.340000 -0.000380
22.350000 -0.000378
22.360000 -0.000376
22.370000 -0.000375
22.380000 -0.000373
22.390000 -0.000371
22.400000 -0.000369
22.410000 -0.000367
22.420000 -0.000365
22.430000 -0.000363
22.440000 -0.000360
22.450000 -0.000358
22.460000 -0.000356
22.470000 -0.000354
22.480000 -0.000352
22.490000 -0.000350
22.500000 -0.000348
22.510000 -0.000345
22.520000 -0.000343
22.530000 -0.000342
22.540000 -0.000340
22.550000 -0.000338
22.560000 -0.000336
22.570000 -0.000334
22.580000 -0.000332
22.590000 -0.000331
22.600000 -0.000329
22.610000 -0.000327
22.620000 -0.000325
22.630000 -0.000323
22.640000 -0.000321
22.650000 -0.000319
22.660000 -0.000317
22.670000 -0.000315
22.680000 -0.000313
22.690000 -0.000311
22.700000 -0.000309
22.710000 -0.000307
22.720000 -0.000305
22.730000 -0.000303
22.740000 -0.000301
22.750000 -0.000299
22.760000 -0.000297
22.770000 -0.000295
22.780000 -0.000294
22.790000 -0.000292
22.800000 -0.000290
22.810000 -0.000288
22.820000 -0.000287
22.830000 -0.000285
22.840000 -0.000284
22.850000 -0.000282
22.860000 -0.000281
22.870000 -0.000279
22.880000 -0.000278
22.890000 -0.000277
22.900000 -0.000276
22.910000 -0.000275
22.920000 -0.000274
22.930000 -0.000272
22.940000 -0.000271
22.950000 -0.000270
22.960000 -0.000270
22.970000 -0.000269
22.980000 -0.000268
22.990000 -0.000267
23.000000 -0.000266
23.010000 -0.000265
23.020000 -0.000264
23.030000 -0.000263
23.040000 -0.000262
23.050000 -0.000261
23.060000 -0.000260
23.070000 -0.000258
23.080000 -0.000257
23.090000 -0.000255
23.100000 -0.000254
23.110000 -0.000252
23.120000 -0.000250
23.130000 -0.000249
23.140000 -0.000247
23.150000 -0.000245
23.160000 -0.000244
23.170000 -0.000242
23.180000 -0.000240
23.190000 -0.000239
23.200000 -0.000237
23.210000 -0.000236
23.220000 -0.000234
23.230000 -0.000233
23.240000 -0.000231
23.250000 -0.000230
23.260000 -0.000228
23.270000 -0.000226
23.280000 -0.000224
23.290000 -0.000223
23.300000 -0.000221
23.310000 -0.000219
23.320000 -0.000217
23.330000 -0.000216
23.340000 -0.000214
23.350000 -0.000212
23.360000 -0.000210
23.370000 -0.000209
23.380000 -0.000207
23.390000 -0.000206
23.400000 -0.000204
23.410000 -0.000203
23.420000 -0.000202
23.430000 -0.000201
23.440000 -0.000200
23.450000 -0.000199
23.460000 -0.000198
23.470000 -0.000197
23.480000 -0.000196
23.490000 -0.000195
23.500000 -0.000195
23.510000 -0.000194
23.520000 -0.000193
23.530000 -0.000193
23.540000 -0.000192
23.550000 -0.000192
23.560000 -0.000191
23.570000 -0.000191
23.580000 -0.000191
23.590000 -0.000190
23.600000 -0.000190
23.610000 -0.000190
23.620000 -0.000190
23.630000 -0.000190
23.640000 -0.000190
23.650000 -0.000190
23.660000 -0.000190
23.670000 -0.000190
23.680000 -0.000190
23.690000 -0.000191
23.700000 -0.000191
23.710000 -0.000191
23.720000 -0.000191
23.730000 -0.000192
23.740000 -0.000192
23.750000 -0.000192
23.760000 -0.000193
23.770000 -0.000193
23.780000 -0.000193
23.790000 -0.000193
23.800000 -0.000194
23.810000 -0.000194
23.820000 -0.000194
23.830000 -0.000195
23.840000 -0.000196
23.850000 -0.000196
23.860000 -0.000197
23.870000 -0.000198
23.880000 -0.000199
23.890000 -0.000200
23.900000 -0.000201
23.910000 -0.000202
23.920000 -0.000204
23.930000 -0.000205
23.940000 -0.000206
23.950000 -0.000208
23.960000 -0.000209
23.970000 -0.000211
23.980000 -0.000212
23.990000 -0.000213
24.000000 -0.000215
24.010000 -0.000216
24.020000 -0.000217
24.030000 -0.000219
24.040000 -0.000220
24.050000 -0.000221
24.060000 -0.000222
24.070000 -0.000223
24.080000 -0.000223
24.090000 -0.000224
24.100000 -0.000225
24.110000 -0.000226
24.120000 -0.000226
24.130000 -0.000227
24.140000 -0.000228
24.150000 -0.000228
24.160000 -0.000229
24.170000 -0.000230
24.180000 -0.000231
24.190000 -0.000232
24.200000 -0.000233
24.210000 -0.000234
24.220000 -0.000235
24.230000 -0.000236
24.240000 -0.000238
24.250000 -0.000239
24.260000 -0.000241
24.270000 -0.000242
24.280000 -0.000244
24.290000 -0.000246
24.300000 -0.000247
24.310000 -0.000248
24.320000 -0.000250
24.330000 -0.000251
24.340000 -0.000252
24.350000 -0.000253
24.360000 -0.000254
24.370000 -0.000255
24.380000 -0.000256
24.390000 -0.000256
24.400000 -0.000257
24.410000 -0.000257
24.420000 -0.000258
24.430000 -0.000258
24.440000 -0.000258
24.450000 -0.000258
24.460000 -0.000258
24.470000 -0.000258
24.480000 -0.000259
24.490000 -0.000259
24.500000 -0.000258
24.510000 -0.000258
24.520000 -0.000258
24.530000 -0.000258
24.540000 -0.000257
24.550000 -0.000257
24.560000 -0.000256
24.570000 -0.000256
24.580000 -0.000255
24.590000 -0.000255
24.600000 -0.000254
24.610000 -0.000254
24.620000 -0.000253
24.630000 -0.000253
24.640000 -0.000253
24.650000 -0.000253
24.660000 -0.000253
24.670000 -0.000253
24.680000 -0.000253
24.690000 -0.000254
24.700000 -0.000254
24.710000 -0.000254
24.720000 -0.000255
24.730000 -0.000255
24.740000 -0.000255
24.750000 -0.000255
24.760000 -0.000256
24.770000 -0.000256
24.780000 -0.000256
24.790000 -0.000256
24.800000 -0.000255
24.810000 -0.000255
24.820000 -0.000255
24.830000 -0.000255
24.840000 -0.000254
24.850000 -0.000253
24.860000 -0.000253
24.870000 -0.000252
24.880000 -0.000251
24.890000 -0.000251
24.900000 -0.000250
24.910000 -0.000249
24.920000 -0.000248
24.930000 -0.000248
24.940000 -0.000247
24.950000 -0.000246
24.960000 -0.000246
24.970000 -0.000245
24.980000 -0.000245
24.990000 -0.000244
25.000000 -0.000244
25.010000 -0.000243
25.020000 -0.000243
25.030000 -0.000242
25.040000 -0.000242
25.050000 -0.000241
25.060000 -0.000241
25.070000 -0.000241
25.080000 -0.000240
25.090000 -0.000240
25.100000 -0.000239
25.110000 -0.000238
25.120000 -0.000238
25.130000 -0.000237
25.140000 -0.000236
25.150000 -0.000235
25.160000 -0.000234
25.170000 -0.000233
25.180000 -0.000231
25.190000 -0.000230
25.200000 -0.000229
25.210000 -0.000227
25.220000 -0.000226
25.230000 -0.000224
25.240000 -0.000222
25.250000 -0.000221
25.260000 -0.000219
25.270000 -0.000217
25.280000 -0.000215
25.290000 -0.000213
25.300000 -0.000211
25.310000 -0.000209
25.320000 -0.000207
25.330000 -0.000205
25.340000 -0.000202
25.350000 -0.000200
25.360000 -0.000198
25.370000 -0.000196
25.380000 -0.000194
25.390000 -0.000192
25.400000 -0.000190
25.410000 -0.000188
25.420000 -0.000186
25.430000 -0.000184
25.440000 -0.000182
25.450000 -0.000181
25.460000 -0.000180
25.470000 -0.000178
25.480000 -0.000177
25.490000 -0.000176
25.500000 -0.000175
25.510000 -0.000174
25.520000 -0.000173
25.530000 -0.000173
25.540000 -0.000172
25.550000 -0.000171
25.560000 -0.000170
25.570000 -0.000169
25.580000 -0.000169
25.590000 -0.000168
25.600000 -0.000167
25.610000 -0.000166
25.620000 -0.000166
25.630000 -0.000165
25.640000 -0.000165
25.650000 -0.000164
25.660000 -0.000164
25.670000 -0.000163
25.680000 -0.000163
25.690000 -0.000162
25.700000 -0.000162
25.710000 -0.000161
25.720000 -0.000161
25.730000 -0.000160
25.740000 -0.000160
25.750000 -0.000159
25.760000 -0.000158
25.770000 -0.000157
25.780000 -0.000156
25.790000 -0.000155
25.800000 -0.000154
25.810000 -0.000153
25.820000 -0.000152
25.830000 -0.000151
25.840000 -0.000150
25.850000 -0.000149
25.860000 -0.000147
25.870000 -0.000146
25.880000 -0.000145
25.890000 -0.000144
25.900000 -0.000143
25.910000 -0.000142
25.920000 -0.000141
25.930000 -0.000140
25.940000 -0.000139
25.950000 -0.000138
25.960000 -0.000137
25.970000 -0.000135
25.980000 -0.000134
25.990000 -0.000133
26.000000 -0.000132
26.010000 -0.000131
26.020000 -0.000129
26.030000 -0.000128
26.040000 -0.000126
26.050000 -0.000125
26.060000 -0.000123
26.070000 -0.000122
26.080000 -0.000120
26.090000 -0.000118
26.100000 -0.000117
26.110000 -0.000115
26.120000 -0.000114
26.130000 -0.000112
26.140000 -0.000110
26.150000 -0.000109
26.160000 -0.000107
26.170000 -0.000105
26.180000 -0.000104
26.190000 -0.000102
26.200000 -0.000101
26.210000 -0.000099
26.220000 -0.000098
26.230000 -0.000097
26.240000 -0.000095
26.250000 -0.000094
26.260000 -0.000093
26.270000 -0.000092
26.280000 -0.000091
26.290000 -0.000091
26.300000 -0.000090
26.310000 -0.000089
26.320000 -0.000089
26.330000 -0.000088
26.340000 -0.000088
26.350000 -0.000087
26.360000 -0.000087
26.370000 -0.000087
26.380000 -0.000086
26.390000 -0.000086
26.400000 -0.000086
26.410000 -0.000086
26.420000 -0.000085
26.430000 -0.000085
26.440000 -0.000085
26.450000 -0.000085
26.460000 -0.000084
26.470000 -0.000084
26.480000 -0.000084
26.490000 -0.000084
26.500000 -0.000084
26.510000 -0.000084
26.520000 -0.000084
26.530000 -0.000084
26.540000 -0.000084
26.550000 -0.000085
26.560000 -0.000085
26.570000 -0.000085
26.580000 -0.000086
26.590000 -0.000086
26.600000 -0.000087
26.610000 -0.000087
26.620000 -0.000088
26.630000 -0.000089
26.640000 -0.000090
26.650000 -0.000090
26.660000 -0.000091
26.670000 -0.000092
26.680000 -0.000093
26.690000 -0.000094
26.700000 -0.000095
26.710000 -0.000097
26.720000 -0.000098
26.730000 -0.000099
26.740000 -0.000101
26.750000 -0.000102
26.760000 -0.000103
26.770000 -0.000105
26.780000 -0.000106
26.790000 -0.000107
26.800000 -0.000108
26.810000 -0.000109
26.820000 -0.000110
26.830000 -0.000111
26.840000 -0.000112
26.850000 -0.000112
26.860000 -0.000113
26.870000 -0.000113
26.880000 -0.000114
26.890000 -0.000114
26.900000 -0.000114
26.910000 -0.000114
26.920000 -0.000115
26.930000 -0.000115
26.940000 -0.000115
26.950000 -0.000115
26.960000 -0.000116
26.970000 -0.000116
26.980000 -0.000116
26.990000 -0.000116
27.000000 -0.000116
27.010000 -0.000117
27.020000 -0.000117
27.030000 -0.000117
27.040000 -0.000117
27.050000 -0.000117
27.060000 -0.000118
27.070000 -0.000118
27.080000 -0.000118
27.090000 -0.000119
27.100000 -0.000119
27.110000 -0.000120
27.120000 -0.000120
27.130000 -0.000121
27.140000 -0.000121
27.150000 -0.000121
27.160000 -0.000122
27.170000 -0.000122
27.180000 -0.000122
27.190000 -0.000122
27.200000 -0.000122
27.210000 -0.000123
27.220000 -0.000123
27.230000 -0.000123
27.240000 -0.000123
27.250000 -0.000124
27.260000 -0.000124
27.270000 -0.000125
27.280000 -0.000125
27.290000 -0.000126
27.300000 -0.000127
27.310000 -0.000128
27.320000 -0.000129
27.330000 -0.000130
27.340000 -0.000131
27.350000 -0.000132
27.360000 -0.000133
27.370000 -0.000134
27.380000 -0.000135
27.390000 -0.000135
27.400000 -0.000136
27.410000 -0.000137
27.420000 -0.000137
27.430000 -0.000138
27.440000 -0.000138
27.450000 -0.000138
27.460000 -0.000138
27.470000 -0.000138
27.480000 -0.000138
27.490000 -0.000138
27.500000 -0.000138
27.510000 -0.000137
27.520000 -0.000137
27.530000 -0.000137
27.540000 -0.000136
27.550000 -0.000136
27.560000 -0.000135
27.570000 -0.000135
27.580000 -0.000134
27.590000 -0.000134
27.600000 -0.000134
27.610000 -0.000134
27.620000 -0.000133
27.630000 -0.000133
27.640000 -0.000134
27.650000 -0.000134
27.660000 -0.000134
27.670000 -0.000135
27.680000 -0.000135
27.690000 -0.000136
27.700000 -0.000136
27.710000 -0.000137
27.720000 -0.000137
27.730000 -0.000138
27.740000 -0.000139
27.750000 -0.000139
27.760000 -0.000140
27.770000 -0.000141
27.780000 -0.000142
27.790000 -0.000142
27.800000 -0.000143
27.810000 -0.000144
27.820000 -0.000145
27.830000 -0.000146
27.840000 -0.000147
27.850000 -0.000149
27.860000 -0.000150
27.870000 -0.000151
27.880000 -0.000152
27.890000 -0.000154
27.900000 -0.000155
27.910000 -0.000157
27.920000 -0.000159
27.930000 -0.000160
27.940000 -0.000162
27.950000 -0.000164
27.960000 -0.000166
27.970000 -0.000169
27.980000 -0.000171
27.990000 -0.000173
28.000000 -0.000176
28.010000 -0.000178
28.020000 -0.000181
28.030000 -0.000183
28.040000 -0.000185
28.050000 -0.000188
28.060000 -0.000190
28.070000 -0.000192
28.080000 -0.000195
28.090000 -0.000197
28.100000 -0.000199
28.110000 -0.000202
28.120000 -0.000204
28.130000 -0.000207
28.140000 -0.000209
28.150000 -0.000212
28.160000 -0.000214
28.170000 -0.000217
28.180000 -0.000219
28.190000 -0.000221
28.200000 -0.000223
28.210000 -0.000226
28.220000 -0.000228
28.230000 -0.000230
28.240000 -0.000231
28.250000 -0.000233
28.260000 -0.000235
28.270000 -0.000237
28.280000 -0.000238
28.290000 -0.000240
28.300000 -0.000241
28.310000 -0.000243
28.320000 -0.000245
28.330000 -0.000246
28.340000 -0.000248
28.350000 -0.000249
28.360000 -0.000251
28.370000 -0.000252
28.380000 -0.000253
28.390000 -0.000255
28.400000 -0.000256
28.410000 -0.000257
28.420000 -0.000258
28.430000 -0.000259
28.440000 -0.000260
28.450000 -0.000261
28.460000 -0.000262
28.470000 -0.000263
28.480000 -0.000264
28.490000 -0.000265
28.500000 -0.000267
28.510000 -0.000268
28.520000 -0.000270
28.530000 -0.000271
28.540000 -0.000273
28.550000 -0.000275
28.560000 -0.000277
28.570000 -0.000279
28.580000 -0.000281
28.590000 -0.000283
28.600000 -0.000285
28.610000 -0.000287
28.620000 -0.000289
28.630000 -0.000291
28.640000 -0.000293
28.650000 -0.000295
28.660000 -0.000297
28.670000 -0.000299
28.680000 -0.000301
28.690000 -0.000302
28.700000 -0.000304
28.710000 -0.000306
28.720000 -0.000307
28.730000 -0.000309
28.740000 -0.000310
28.750000 -0.000312
28.760000 -0.000313
28.770000 -0.000314
28.780000 -0.000316
28.790000 -0.000317
28.800000 -0.000318
28.810000 -0.000319
28.820000 -0.000320
28.830000 -0.000322
28.840000 -0.000323
28.850000 -0.000324
28.860000 -0.000325
28.870000 -0.000326
28.880000 -0.000328
28.890000 -0.000329
28.900000 -0.000330
28.910000 -0.000332
28.920000 -0.000333
28.930000 -0.000334
28.940000 -0.000336
28.950000 -0.000337
28.960000 -0.000338
28.970000 -0.000339
28.980000 -0.000340
28.990000 -0.000341
29.000000 -0.000342
29.010000 -0.000342
29.020000 -0.000343
29.030000 -0.000343
29.040000 -0.000344
29.050000 -0.000344
29.060000 -0.000344
29.070000 -0.000345
29.080000 -0.000345
29.090000 -0.000345
29.100000 -0.000345
29.110000 -0.000346
29.120000 -0.000346
29.130000 -0.000346
29.140000 -0.000346
29.150000 -0.000346
29.160000 -0.000346
29.170000 -0.000346
29.180000 -0.000346
29.190000 -0.000346
29.200000 -0.000346
29.210000 -0.000346
29.220000 -0.000345
29.230000 -0.000345
29.240000 -0.000345
29.250000 -0.000344
29.260000 -0.000344
29.270000 -0.000343
29.280000 -0.000343
29.290000 -0.000342
29.300000 -0.000341
29.310000 -0.000340
29.320000 -0.000340
29.330000 -0.000339
29.340000 -0.000338
29.350000 -0.000337
29.360000 -0.000336
29.370000 -0.000335
29.380000 -0.000334
29.390000 -0.000333
29.400000 -0.000332
29.410000 -0.000331
29.420000 -0.000329
29.430000 -0.000328
29.440000 -0.000327
29.450000 -0.000326
29.460000 -0.000324
29.470000 -0.000323
29.480000 -0.000322
29.490000 -0.000320
29.500000 -0.000319
29.510000 -0.000317
29.520000 -0.000316
29.530000 -0.000314
29.540000 -0.000312
29.550000 -0.000311
29.560000 -0.000309
29.570000 -0.000307
29.580000 -0.000305
29.590000 -0.000304
29.600000 -0.000302
29.610000 -0.000300
29.620000 -0.000298
29.630000 -0.000296
29.640000 -0.000294
29.650000 -0.000293
29.660000 -0.000291
29.670000 -0.000289
29.680000 -0.000287
29.690000 -0.000286
29.700000 -0.000284
29.710000 -0.000283
29.720000 -0.000281
29.730000 -0.000280
29.740000 -0.000278
29.750000 -0.000277
29.760000 -0.000275
29.770000 -0.000274
29.780000 -0.000273
29.790000 -0.000272
29.800000 -0.000270
29.810000 -0.000270
29.820000 -0.000269
29.830000 -0.000268
29.840000 -0.000268
29.850000 -0.000267
29.860000 -0.000267
29.870000 -0.000267
29.880000 -0.000267
29.890000 -0.000267
29.900000 -0.000267
29.910000 -0.000267
29.920000 -0.000267
29.930000 -0.000267
29.940000 -0.000267
29.950000 -0.000267
29.960000 -0.000267
29.970000 -0.000267
29.980000 -0.000266
29.990000 -0.000266
30.000000 -0.000266
30.010000 -0.000265
30.020000 -0.000265
30.030000 -0.000264
30.040000 -0.000264
30.050000 -0.000263
30.060000 -0.000262
30.070000 -0.000262
30.080000 -0.000261
30.090000 -0.000260
30.100000 -0.000259
30.110000 -0.000259
30.120000 -0.000258
30.130000 -0.000257
30.140000 -0.000257
30.150000 -0.000256
30.160000 -0.000256
30.170000 -0.000255
30.180000 -0.000255
30.190000 -0.000254
30.200000 -0.000254
30.210000 -0.000254
30.220000 -0.000254
30.230000 -0.000253
30.240000 -0.000253
30.250000 -0.000253
30.260000 -0.000253
30.270000 -0.000253
30.280000 -0.000253
30.290000 -0.000253
30.300000 -0.000253
30.310000 -0.000253
30.320000 -0.000253
30.330000 -0.000254
30.340000 -0.000254
30.350000 -0.000255
30.360000 -0.000255
30.370000 -0.000256
30.380000 -0.000257
30.390000 -0.000258
30.400000 -0.000258
30.410000 -0.000259
30.420000 -0.000260
30.430000 -0.000261
30.440000 -0.000261
30.450000 -0.000262
30.460000 -0.000263
30.470000 -0.000264
30.480000 -0.000265
30.490000 -0.000266
30.500000 -0.000267
30.510000 -0.000268
30.520000 -0.000269
30.530000 -0.000270
30.540000 -0.000271
30.550000 -0.000272
30.560000 -0.000273
30.570000 -0.000274
30.580000 -0.000276
30.590000 -0.000277
30.600000 -0.000279
30.610000 -0.000281
30.620000 -0.000282
30.630000 -0.000284
30.640000 -0.000286
30.650000 -0.000287
30.660000 -0.000289
30.670000 -0.000291
30.680000 -0.000293
30.690000 -0.000294
30.700000 -0.000296
30.710000 -0.000297
30.720000 -0.000298
30.730000 -0.000300
30.740000 -0.000301
30.750000 -0.000302
30.760000 -0.000303
30.770000 -0.000303
30.780000 -0.000304
30.790000 -0.000304
30.800000 -0.000305
30.810000 -0.000305
30.820000 -0.000305
30.830000 -0.000305
30.840000 -0.000304
30.850000 -0.000304
30.860000 -0.000303
30.870000 -0.000303
30.880000 -0.000302
30.890000 -0.000301
30.900000 -0.000300
30.910000 -0.000299
30.920000 -0.000298
30.930000 -0.000297
30.940000 -0.000296
30.950000 -0.000294
30.960000 -0.000293
30.970000 -0.000291
30.980000 -0.000290
30.990000 -0.000288
31.000000 -0.000286
31.010000 -0.000285
31.020000 -0.000283
31.030000 -0.000281
31.040000 -0.000279
31.050000 -0.000278
31.060000 -0.000276
31.070000 -0.000274
31.080000 -0.000273
31.090000 -0.000271
31.100000 -0.000270
31.110000 -0.000269
31.120000 -0.000267
31.130000 -0.000266
31.140000 -0.000265
31.150000 -0.000264
31.160000 -0.000263
31.170000 -0.000262
31.180000 -0.000260
31.190000 -0.000259
31.200000 -0.000258
31.210000 -0.000257
31.220000 -0.000256
31.230000 -0.000255
31.240000 -0.000254
31.250000 -0.000253
31.260000 -0.000252
31.270000 -0.000251
31.280000 -0.000249
31.290000 -0.000248
31.300000 -0.000247
31.310000 -0.000246
31.320000 -0.000244
31.330000 -0.000243
31.340000 -0.000242
31.350000 -0.000240
31.360000 -0.000239
31.370000 -0.000237
31.380000 -0.000235
31.390000 -0.000234
31.400000 -0.000232
31.410000 -0.000230
31.420000 -0.000228
31.430000 -0.000226
31.440000 -0.000224
31.450000 -0.000222
31.460000 -0.000220
31.470000 -0.000217
31.480000 -0.000215
31.490000 -0.000213
31.500000 -0.000210
31.510000 -0.000208
31.520000 -0.000206
31.530000 -0.000203
31.540000 -0.000201
31.550000 -0.000198
31.560000 -0.000196
31.570000 -0.000194
31.580000 -0.000191
31.590000 -0.000189
31.600000 -0.000187
31.610000 -0.000185
31.620000 -0.000182
31.630000 -0.000180
31.640000 -0.000178
31.650000 -0.000176
31.660000 -0.000173
31.670000 -0.000171
31.680000 -0.000168
31.690000 -0.000166
31.700000 -0.000163
31.710000 -0.000161
31.720000 -0.000158
31.730000 -0.000156
31.740000 -0.000153
31.750000 -0.000150
31.760000 -0.000148
31.770000 -0.000145
31.780000 -0.000142
31.790000 -0.000140
31.800000 -0.000137
31.810000 -0.000134
31.820000 -0.000131
31.830000 -0.000128
31.840000 -0.000125
31.850000 -0.000122
31.860000 -0.000119
31.870000 -0.000116
31.880000 -0.000113
31.890000 -0.000110
31.900000 -0.000107
31.910000 -0.000104
31.920000 -0.000102
31.930000 -0.000099
31.940000 -0.000097
31.950000 -0.000094
31.960000 -0.000092
31.970000 -0.000089
31.980000 -0.000087
31.990000 -0.000085
32.000000 -0.000083
32.010000 -0.000081
32.020000 -0.000079
32.030000 -0.000077
32.040000 -0.000075
32.050000 -0.000074
32.060000 -0.000073
32.070000 -0.000072
32.080000 -0.000071
32.090000 -0.000070
32.100000 -0.000069
32.110000 -0.000069
32.120000 -0.000069
32.130000 -0.000069
32.140000 -0.000069
32.150000 -0.000070
32.160000 -0.000070
32.170000 -0.000071
32.180000 -0.000071
32.190000 -0.000072
32.200000 -0.000072
32.210000 -0.000073
32.220000 -0.000074
32.230000 -0.000074
32.240000 -0.000075
32.250000 -0.000075
32.260000 -0.000075
32.270000 -0.000076
32.280000 -0.000076
32.290000 -0.000076
32.300000 -0.000077
32.310000 -0.000077
32.320000 -0.000078
32.330000 -0.000079
32.340000 -0.000079
32.350000 -0.000080
32.360000 -0.000081
32.370000 -0.000081
32.380000 -0.000082
32.390000 -0.000083
32.400000 -0.000084
32.410000 -0.000084
32.420000 -0.000085
32.430000 -0.000086
32.440000 -0.000087
32.450000 -0.000087
32.460000 -0.000088
32.470000 -0.000089
32.480000 -0.000089
32.490000 -0.000090
32.500000 -0.000091
32.510000 -0.000092
32.520000 -0.000093
32.530000 -0.000093
32.540000 -0.000094
32.550000 -0.000095
32.560000 -0.000096
32.570000 -0.000097
32.580000 -0.000098
32.590000 -0.000100
32.600000 -0.000101
32.610000 -0.000102
32.620000 -0.000104
32.630000 -0.000105
32.640000 -0.000107
32.650000 -0.000109
32.660000 -0.000111
32.670000 -0.000113
32.680000 -0.000115
32.690000 -0.000118
32.700000 -0.000120
32.710000 -0.000123
32.720000 -0.000126
32.730000 -0.000128
32.740000 -0.000131
32.750000 -0.000134
32.760000 -0.000136
32.770000 -0.000139
32.780000 -0.000141
32.790000 -0.000144
32.800000 -0.000147
32.810000 -0.000149
32.820000 -0.000151
32.830000 -0.000154
32.840000 -0.000156
32.850000 -0.000158
32.860000 -0.000160
32.870000 -0.000162
32.880000 -0.000164
32.890000 -0.000165
32.900000 -0.000167
32.910000 -0.000168
32.920000 -0.000169
32.930000 -0.000170
32.940000 -0.000171
32.950000 -0.000172
32.960000 -0.000173
32.970000 -0.000174
32.980000 -0.000174
32.990000 -0.000174
33.000000 -0.000175
33.010000 -0.000175
33.020000 -0.000175
33.030000 -0.000176
33.040000 -0.000176
33.050000 -0.000176
33.060000 -0.000177
33.070000 -0.000177
33.080000 -0.000178
33.090000 -0.000179
33.100000 -0.000180
33.110000 -0.000182
33.120000 -0.000183
33.130000 -0.000184
33.140000 -0.000186
33.150000 -0.000187
33.160000 -0.000189
33.170000 -0.000191
33.180000 -0.000192
33.190000 -0.000194
33.200000 -0.000196
33.210000 -0.000197
33.220000 -0.000198
33.230000 -0.000200
33.240000 -0.000201
33.250000 -0.000202
33.260000 -0.000203
33.270000 -0.000204
33.280000 -0.000205
33.290000 -0.000206
33.300000 -0.000207
33.310000 -0.000208
33.320000 -0.000209
33.330000 -0.000210
33.340000 -0.000211
33.350000 -0.000212
33.360000 -0.000213
33.370000 -0.000214
33.380000 -0.000215
33.390000 -0.000216
33.400000 -0.000217
33.410000 -0.000217
33.420000 -0.000218
33.430000 -0.000219
33.440000 -0.000220
33.450000 -0.000221
33.460000 -0.000222
33.470000 -0.000223
33.480000 -0.000224
33.490000 -0.000225
33.500000 -0.000226
33.510000 -0.000227
33.520000 -0.000229
33.530000 -0.000230
33.540000 -0.000232
33.550000 -0.000234
33.560000 -0.000235
33.570000 -0.000237
33.580000 -0.000239
33.590000 -0.000241
33.600000 -0.000243
33.610000 -0.000245
33.620000 -0.000247
33.630000 -0.000248
33.640000 -0.000250
33.650000 -0.000252
33.660000 -0.000254
33.670000 -0.000255
33.680000 -0.000257
33.690000 -0.000259
33.700000 -0.000260
33.710000 -0.000262
33.720000 -0.000263
33.730000 -0.000264
33.740000 -0.000266
33.750000 -0.000267
33.760000 -0.000268
33.770000 -0.000269
33.780000 -0.000269
33.790000 -0.000270
33.800000 -0.000271
33.810000 -0.000271
33.820000 -0.000271
33.830000 -0.000271
33.840000 -0.000271
33.850000 -0.000272
33.860000 -0.000272
33.870000 -0.000272
33.880000 -0.000272
33.890000 -0.000272
33.900000 -0.000272
33.910000 -0.000272
33.920000 -0.000272
33.930000 -0.000272
33.940000 -0.000272
33.950000 -0.000272
33.960000 -0.000272
33.970000 -0.000272
33.980000 -0.000272
33.990000 -0.000271
34.000000 -0.000271
34.010000 -0.000271
34.020000 -0.000270
34.030000 -0.000269
34.040000 -0.000269
34.050000 -0.000268
34.060000 -0.000267
34.070000 -0.000266
34.080000 -0.000265
34.090000 -0.000264
34.100000 -0.000262
34.110000 -0.000261
34.120000 -0.000260
34.130000 -0.000259
34.140000 -0.000258
34.150000 -0.000257
34.160000 -0.000256
34.170000 -0.000255
34.180000 -0.000254
34.190000 -0.000254
34.200000 -0.000253
34.210000 -0.000253
34.220000 -0.000253
34.230000 -0.000253
34.240000 -0.000253
34.250000 -0.000253
34.260000 -0.000254
34.270000 -0.000254
34.280000 -0.000255
34.290000 -0.000256
34.300000 -0.000256
34.310000 -0.000257
34.320000 -0.000258
34.330000 -0.000259
34.340000 -0.000260
34.350000 -0.000261
34.360000 -0.000262
34.370000 -0.000263
34.380000 -0.000264
34.390000 -0.000265
34.400000 -0.000266
34.410000 -0.000266
34.420000 -0.000267
34.430000 -0.000268
34.440000 -0.000268
34.450000 -0.000269
34.460000 -0.000269
34.470000 -0.000269
34.480000 -0.000270
34.490000 -0.000270
34.500000 -0.000271
34.510000 -0.000271
34.520000 -0.000271
34.530000 -0.000272
34.540000 -0.000272
34.550000 -0.000272
34.560000 -0.000273
34.570000 -0.000273
34.580000 -0.000274
34.590000 -0.000274
34.600000 -0.000274
34.610000 -0.000274
34.620000 -0.000274
34.630000 -0.000274
34.640000 -0.000274
34.650000 -0.000274
34.660000 -0.000274
34.670000 -0.000274
34.680000 -0.000273
34.690000 -0.000273
34.700000 -0.000272
34.710000 -0.000272
34.720000 -0.000271
34.730000 -0.000270
34.740000 -0.000269
34.750000 -0.000268
34.760000 -0.000267
34.770000 -0.000267
34.780000 -0.000266
34.790000 -0.000265
34.800000 -0.000264
34.810000 -0.000263
34.820000 -0.000263
34.830000 -0.000262
34.840000 -0.000261
34.850000 -0.000261
34.860000 -0.000260
34.870000 -0.000259
34.880000 -0.000259
34.890000 -0.000258
34.900000 -0.000257
34.910000 -0.000256
34.920000 -0.000255
34.930000 -0.000254
34.940000 -0.000253
34.950000 -0.000252
34.960000 -0.000251
34.970000 -0.000250
34.980000 -0.000249
34.990000 -0.000248
35.000000 -0.000246
35.010000 -0.000245
35.020000 -0.000244
35.030000 -0.000242
35.040000 -0.000241
35.050000 -0.000240
35.060000 -0.000238
35.070000 -0.000237
35.080000 -0.000236
35.090000 -0.000234
35.100000 -0.000232
35.110000 -0.000231
35.120000 -0.000229
35.130000 -0.000227
35.140000 -0.000225
35.150000 -0.000223
35.160000 -0.000221
35.170000 -0.000218
35.180000 -0.000216
35.190000 -0.000213
35.200000 -0.000211
35.210000 -0.000208
35.220000 -0.000205
35.230000 -0.000203
35.240000 -0.000200
35.250000 -0.000197
35.260000 -0.000194
35.270000 -0.000191
35.280000 -0.000188
35.290000 -0.000185
35.300000 -0.000182
35.310000 -0.000179
35.320000 -0.000176
35.330000 -0.000173
35.340000 -0.000170
35.350000 -0.000166
35.360000 -0.000163
35.370000 -0.000160
35.380000 -0.000157
35.390000 -0.000154
35.400000 -0.000151
35.410000 -0.000148
35.420000 -0.000145
35.430000 -0.000142
35.440000 -0.000139
35.450000 -0.000136
35.460000 -0.000132
35.470000 -0.000129
35.480000 -0.000125
35.490000 -0.000122
35.500000 -0.000118
35.510000 -0.000115
35.520000 -0.000111
35.530000 -0.000107
35.540000 -0.000103
35.550000 -0.000099
35.560000 -0.000095
35.570000 -0.000091
35.580000 -0.000087
35.590000 -0.000082
35.600000 -0.000078
35.610000 -0.000073
35.620000 -0.000069
35.630000 -0.000064
35.640000 -0.000060
35.650000 -0.000055
35.660000 -0.000051
35.670000 -0.000046
35.680000 -0.000042
35.690000 -0.000037
35.700000 -0.000033
35.710000 -0.000029
35.720000 -0.000024
35.730000 -0.000020
35.740000 -0.000016
35.750000 -0.000012
35.760000 -0.000007
35.770000 -0.000003
35.780000 0.000001
35.790000 0.000005
35.800000 0.000009
35.810000 0.000012
35.820000 0.000016
35.830000 0.000020
35.840000 0.000024
35.850000 0.000027
35.860000 0.000031
35.870000 0.000035
35.880000 0.000038
35.890000 0.000042
35.900000 0.000045
35.910000 0.000049
35.920000 0.000052
35.930000 0.000056
35.940000 0.000059
35.950000 0.000063
35.960000 0.000066
35.970000 0.000070
35.980000 0.000073
35.990000 0.000076
36.000000 0.000080
36.010000 0.000083
36.020000 0.000086
36.030000 0.000089
36.040000 0.000092
36.050000 0.000095
36.060000 0.000098
36.070000 0.000100
36.080000 0.000103
36.090000 0.000105
36.100000 0.000108
36.110000 0.000110
36.120000 0.000112
36.130000 0.000114
36.140000 0.000115
36.150000 0.000117
36.160000 0.000118
36.170000 0.000119
36.180000 0.000119
36.190000 0.000120
36.200000 0.000121
36.210000 0.000121
36.220000 0.000121
36.230000 0.000121
36.240000 0.000121
36.250000 0.000121
36.260000 0.000121
36.270000 0.000121
36.280000 0.000121
36.290000 0.000121
36.300000 0.000120
36.310000 0.000120
36.320000 0.000119
36.330000 0.000118
36.340000 0.000118
36.350000 0.000117
36.360000 0.000116
36.370000 0.000114
36.380000 0.000113
36.390000 0.000112
36.400000 0.000110
36.410000 0.000108
36.420000 0.000106
36.430000 0.000104
36.440000 0.000102
36.450000 0.000099
36.460000 0.000097
36.470000 0.000094
36.480000 0.000091
36.490000 0.000088
36.500000 0.000085
36.510000 0.000082
36.520000 0.000079
36.530000 0.000076
36.540000 0.000072
36.550000 0.000069
36.560000 0.000065
36.570000 0.000062
36.580000 0.000058
36.590000 0.000055
36.600000 0.000052
36.610000 0.000048
36.620000 0.000045
36.630000 0.000042
36.640000 0.000038
36.650000 0.000035
36.660000 0.000032
36.670000 0.000028
36.680000 0.000025
36.690000 0.000022
36.700000 0.000018
36.710000 0.000014
36.720000 0.000010
36.730000 0.000007
36.740000 0.000003
36.750000 -0.000001
36.760000 -0.000005
36.770000 -0.000009
36.780000 -0.000013
36.790000 -0.000017
36.800000 -0.000021
36.810000 -0.000025
36.820000 -0.000029
36.830000 -0.000033
36.840000 -0.000036
36.850000 -0.000040
36.860000 -0.000044
36.870000 -0.000047
36.880000 -0.000050
36.890000 -0.000054
36.900000 -0.000057
36.910000 -0.000060
36.920000 -0.000063
36.930000 -0.000066
36.940000 -0.000069
36.950000 -0.000071
36.960000 -0.000074
36.970000 -0.000076
36.980000 -0.000079
36.990000 -0.000081
37.000000 -0.000083
37.010000 -0.000085
37.020000 -0.000087
37.030000 -0.000089
37.040000 -0.000091
37.050000 -0.000093
37.060000 -0.000094
37.070000 -0.000096
37.080000 -0.000098
37.090000 -0.000100
37.100000 -0.000101
37.110000 -0.000103
37.120000 -0.000104
37.130000 -0.000105
37.140000 -0.000107
37.150000 -0.000108
37.160000 -0.000109
37.170000 -0.000110
37.180000 -0.000110
37.190000 -0.000111
37.200000 -0.000112
37.210000 -0.000112
37.220000 -0.000112
37.230000 -0.000112
37.240000 -0.000113
37.250000 -0.000113
37.260000 -0.000112
37.270000 -0.000112
37.280000 -0.000112
37.290000 -0.000112
37.300000 -0.000111
37.310000 -0.000111
37.320000 -0.000110
37.330000 -0.000110
37.340000 -0.000109
37.350000 -0.000108
37.360000 -0.000108
37.370000 -0.000107
37.380000 -0.000106
37.390000 -0.000105
37.400000 -0.000104
37.410000 -0.000102
37.420000 -0.000101
37.430000 -0.000100
37.440000 -0.000099
37.450000 -0.000098
37.460000 -0.000096
37.470000 -0.000095
37.480000 -0.000094
37.490000 -0.000093
37.500000 -0.000091
37.510000 -0.000090
37.520000 -0.000089
37.530000 -0.000088
37.540000 -0.000087
37.550000 -0.000086
37.560000 -0.000085
37.570000 -0.000084
37.580000 -0.000083
37.590000 -0.000082
37.600000 -0.000081
37.610000 -0.000079
37.620000 -0.000078
37.630000 -0.000077
37.640000 -0.000076
37.650000 -0.000075
37.660000 -0.000074
37.670000 -0.000073
37.680000 -0.000072
37.690000 -0.000071
37.700000 -0.000071
37.710000 -0.000070
37.720000 -0.000069
37.730000 -0.000069
37.740000 -0.000069
37.750000 -0.000069
37.760000 -0.000069
37.770000 -0.000070
37.780000 -0.000070
37.790000 -0.000071
37.800000 -0.000072
37.810000 -0.000073
37.820000 -0.000074
37.830000 -0.000075
37.840000 -0.000076
37.850000 -0.000077
37.860000 -0.000078
37.870000 -0.000079
37.880000 -0.000081
37.890000 -0.000082
37.900000 -0.000084
37.910000 -0.000085
37.920000 -0.000087
37.930000 -0.000088
37.940000 -0.000090
37.950000 -0.000092
37.960000 -0.000093
37.970000 -0.000095
37.980000 -0.000097
37.990000 -0.000098
38.000000 -0.000100
38.010000 -0.000102
38.020000 -0.000104
38.030000 -0.000106
38.040000 -0.000108
38.050000 -0.000110
38.060000 -0.000112
38.070000 -0.000115
38.080000 -0.000117
38.090000 -0.000119
38.100000 -0.000122
38.110000 -0.000124
38.120000 -0.000126
38.130000 -0.000129
38.140000 -0.000131
38.150000 -0.000133
38.160000 -0.000135
38.170000 -0.000137
38.180000 -0.000139
38.190000 -0.000141
38.200000 -0.000142
38.210000 -0.000144
38.220000 -0.000145
38.230000 -0.000146
38.240000 -0.000148
38.250000 -0.000149
38.260000 -0.000150
38.270000 -0.000151
38.280000 -0.000153
38.290000 -0.000154
38.300000 -0.000155
38.310000 -0.000156
38.320000 -0.000157
38.330000 -0.000159
38.340000 -0.000160
38.350000 -0.000161
38.360000 -0.000163
38.370000 -0.000164
38.380000 -0.000166
38.390000 -0.000167
38.400000 -0.000169
38.410000 -0.000170
38.420000 -0.000172
38.430000 -0.000173
38.440000 -0.000175
38.450000 -0.000176
38.460000 -0.000178
38.470000 -0.000179
38.480000 -0.000180
38.490000 -0.000181
38.500000 -0.000182
38.510000 -0.000183
38.520000 -0.000183
38.530000 -0.000184
38.540000 -0.000185
38.550000 -0.000185
38.560000 -0.000185
38.570000 -0.000186
38.580000 -0.000186
38.590000 -0.000187
38.600000 -0.000187
38.610000 -0.000188
38.620000 -0.000189
38.630000 -0.000189
38.640000 -0.000190
38.650000 -0.000191
38.660000 -0.000192
38.670000 -0.000192
38.680000 -0.000193
38.690000 -0.000194
38.700000 -0.000195
38.710000 -0.000195
38.720000 -0.000196
38.730000 -0.000197
38.740000 -0.000198
38.750000 -0.000198
38.760000 -0.000199
38.770000 -0.000200
38.780000 -0.000200
38.790000 -0.000201
38.800000 -0.000202
38.810000 -0.000203
38.820000 -0.000203
38.830000 -0.000204
38.840000 -0.000204
38.850000 -0.000205
38.860000 -0.000205
38.870000 -0.000206
38.880000 -0.000206
38.890000 -0.000206
38.900000 -0.000207
38.910000 -0.000207
38.920000 -0.000208
38.930000 -0.000208
38.940000 -0.000209
38.950000 -0.000209
38.960000 -0.000209
38.970000 -0.000210
38.980000 -0.000210
38.990000 -0.000210
39.000000 -0.000211
39.010000 -0.000211
39.020000 -0.000211
39.030000 -0.000212
39.040000 -0.000212
39.050000 -0.000213
39.060000 -0.000213
39.070000 -0.000214
39.080000 -0.000214
39.090000 -0.000215
39.100000 -0.000215
39.110000 -0.000215
39.120000 -0.000216
39.130000 -0.000216
39.140000 -0.000216
39.150000 -0.000216
39.160000 -0.000216
39.170000 -0.000216
39.180000 -0.000216
39.190000 -0.000216
39.200000 -0.000216
39.210000 -0.000216
39.220000 -0.000216
39.230000 -0.000216
39.240000 -0.000216
39.250000 -0.000216
39.260000 -0.000216
39.270000 -0.000217
39.280000 -0.000217
39.290000 -0.000217
39.300000 -0.000218
39.310000 -0.000218
39.320000 -0.000219
39.330000 -0.000219
39.340000 -0.000220
39.350000 -0.000221
39.360000 -0.000222
39.370000 -0.000222
39.380000 -0.000223
39.390000 -0.000224
39.400000 -0.000224
39.410000 -0.000225
39.420000 -0.000225
39.430000 -0.000226
39.440000 -0.000226
39.450000 -0.000227
39.460000 -0.000227
39.470000 -0.000227
39.480000 -0.000227
39.490000 -0.000227
39.500000 -0.000226
39.510000 -0.000226
39.520000 -0.000225
39.530000 -0.000224
39.540000 -0.000223
39.550000 -0.000222
39.560000 -0.000221
39.570000 -0.000220
39.580000 -0.000218
39.590000 -0.000217
39.600000 -0.000215
39.610000 -0.000213
39.620000 -0.000212
39.630000 -0.000210
39.640000 -0.000208
39.650000 -0.000206
39.660000 -0.000205
39.670000 -0.000203
39.680000 -0.000201
39.690000 -0.000200
39.700000 -0.000198
39.710000 -0.000197
39.720000 -0.000195
39.730000 -0.000194
39.740000 -0.000193
39.750000 -0.000192
39.760000 -0.000191
39.770000 -0.000189
39.780000 -0.000188
39.790000 -0.000187
39.800000 -0.000186
39.810000 -0.000185
39.820000 -0.000184
39.830000 -0.000183
39.840000 -0.000181
39.850000 -0.000180
39.860000 -0.000179
39.870000 -0.000178
39.880000 -0.000176
39.890000 -0.000175
39.900000 -0.000174
39.910000 -0.000172
39.920000 -0.000171
39.930000 -0.000170
39.940000 -0.000169
39.950000 -0.000167
39.960000 -0.000166
39.970000 -0.000165
39.980000 -0.000164
39.990000 -0.000163
40.000000 -0.000162
40.010000 -0.000162
40.020000 -0.000161
40.030000 -0.000160
40.040000 -0.000159
40.050000 -0.000159
40.060000 -0.000158
40.070000 -0.000158
40.080000 -0.000157
40.090000 -0.000157
40.100000 -0.000156
40.110000 -0.000155
40.120000 -0.000155
40.130000 -0.000154
40.140000 -0.000153
40.150000 -0.000152
40.160000 -0.000151
40.170000 -0.000150
40.180000 -0.000149
40.190000 -0.000147
40.200000 -0.000146
40.210000 -0.000144
40.220000 -0.000143
40.230000 -0.000141
40.240000 -0.000139
40.250000 -0.000138
40.260000 -0.000136
40.270000 -0.000134
40.280000 -0.000132
40.290000 -0.000130
40.300000 -0.000127
40.310000 -0.000125
40.320000 -0.000123
40.330000 -0.000120
40.340000 -0.000117
40.350000 -0.000114
40.360000 -0.000111
40.370000 -0.000108
40.380000 -0.000105
40.390000 -0.000101
40.400000 -0.000098
40.410000 -0.000094
40.420000 -0.000090
40.430000 -0.000086
40.440000 -0.000082
40.450000 -0.000078
40.460000 -0.000074
40.470000 -0.000069
40.480000 -0.000065
40.490000 -0.000061
40.500000 -0.000057
40.510000 -0.000053
40.520000 -0.000048
40.530000 -0.000044
40.540000 -0.000040
40.550000 -0.000036
40.560000 -0.000032
40.570000 -0.000028
40.580000 -0.000023
40.590000 -0.000019
40.600000 -0.000015
40.610000 -0.000011
40.620000 -0.000007
40.630000 -0.000003
40.640000 0.000001
40.650000 0.000005
40.660000 0.000009
40.670000 0.000013
40.680000 0.000016
40.690000 0.000020
40.700000 0.000023
40.710000 0.000026
40.720000 0.000029
40.730000 0.000032
40.740000 0.000035
40.750000 0.000037
40.760000 0.000039
40.770000 0.000041
40.780000 0.000043
40.790000 0.000045
40.800000 0.000046
40.810000 0.000047
40.820000 0.000048
40.830000 0.000049
40.840000 0.000049
40.850000 0.000049
40.860000 0.000049
40.870000 0.000049
40.880000 0.000049
40.890000 0.000049
40.900000 0.000049
40.910000 0.000048
40.920000 0.000047
40.930000 0.000046
40.940000 0.000046
40.950000 0.000044
40.960000 0.000043
40.970000 0.000042
40.980000 0.000040
40.990000 0.000039
41.000000 0.000037
41.010000 0.000035
41.020000 0.000033
41.030000 0.000031
41.040000 0.000029
41.050000 0.000027
41.060000 0.000025
41.070000 0.000022
41.080000 0.000020
41.090000 0.000017
41.100000 0.000014
41.110000 0.000011
41.120000 0.000008
41.130000 0.000005
41.140000 0.000002
41.150000 -0.000001
41.160000 -0.000005
41.170000 -0.000008
41.180000 -0.000011
41.190000 -0.000014
41.200000 -0.000017
41.210000 -0.000021
41.220000 -0.000024
41.230000 -0.000027
41.240000 -0.000030
41.250000 -0.000033
41.260000 -0.000036
41.270000 -0.000039
41.280000 -0.000042
41.290000 -0.000044
41.300000 -0.000047
41.310000 -0.000050
41.320000 -0.000053
41.330000 -0.000056
41.340000 -0.000059
41.350000 -0.000062
41.360000 -0.000065
41.370000 -0.000068
41.380000 -0.000071
41.390000 -0.000074
41.400000 -0.000077
41.410000 -0.000080
41.420000 -0.000083
41.430000 -0.000087
41.440000 -0.000090
41.450000 -0.000093
41.460000 -0.000096
41.470000 -0.000099
41.480000 -0.000102
41.490000 -0.000105
41.500000 -0.000108
41.510000 -0.000111
41.520000 -0.000114
41.530000 -0.000116
41.540000 -0.000119
41.550000 -0.000122
41.560000 -0.000124
41.570000 -0.000126
41.580000 -0.000129
41.590000 -0.000131
41.600000 -0.000133
41.610000 -0.000136
41.620000 -0.000138
41.630000 -0.000140
41.640000 -0.000142
41.650000 -0.000144
41.660000 -0.000146
41.670000 -0.000148
41.680000 -0.000150
41.690000 -0.000152
41.700000 -0.000153
41.710000 -0.000154
41.720000 -0.000156
41.730000 -0.000156
41.740000 -0.000157
41.750000 -0.000158
41.760000 -0.000158
41.770000 -0.000158
41.780000 -0.000157
41.790000 -0.000157
41.800000 -0.000156
41.810000 -0.000156
41.820000 -0.000155
41.830000 -0.000154
41.840000 -0.000153
41.850000 -0.000152
41.860000 -0.000151
41.870000 -0.000150
41.880000 -0.000149
41.890000 -0.000148
41.900000 -0.000147
41.910000 -0.000146
41.920000 -0.000145
41.930000 -0.000144
41.940000 -0.000143
41.950000 -0.000142
41.960000 -0.000141
41.970000 -0.000140
41.980000 -0.000139
41.990000 -0.000138
42.000000 -0.000137
42.010000 -0.000135
42.020000 -0.000134
42.030000 -0.000133
42.040000 -0.000131
42.050000 -0.000130
42.060000 -0.000128
42.070000 -0.000127
42.080000 -0.000126
42.090000 -0.000124
42.100000 -0.000123
42.110000 -0.000122
42.120000 -0.000121
42.130000 -0.000120
42.140000 -0.000119
42.150000 -0.000118
42.160000 -0.000117
42.170000 -0.000116
42.180000 -0.000115
42.190000 -0.000114
42.200000 -0.000113
42.210000 -0.000112
42.220000 -0.000111
42.230000 -0.000110
42.240000 -0.000110
42.250000 -0.000109
42.260000 -0.000108
42.270000 -0.000107
42.280000 -0.000106
42.290000 -0.000105
42.300000 -0.000104
42.310000 -0.000103
42.320000 -0.000102
42.330000 -0.000100
42.340000 -0.000099
42.350000 -0.000097
42.360000 -0.000096
42.370000 -0.000094
42.380000 -0.000092
42.390000 -0.000091
42.400000 -0.000089
42.410000 -0.000087
42.420000 -0.000085
42.430000 -0.000083
42.440000 -0.000081
42.450000 -0.000079
42.460000 -0.000076
42.470000 -0.000074
42.480000 -0.000071
42.490000 -0.000069
42.500000 -0.000066
42.510000 -0.000063
42.520000 -0.000060
42.530000 -0.000058
42.540000 -0.000055
42.550000 -0.000052
42.560000 -0.000049
42.570000 -0.000046
42.580000 -0.000043
42.590000 -0.000040
42.600000 -0.000037
42.610000 -0.000035
42.620000 -0.000032
42.630000 -0.000029
42.640000 -0.000026
42.650000 -0.000024
42.660000 -0.000021
42.670000 -0.000019
42.680000 -0.000016
42.690000 -0.000014
42.700000 -0.000012
42.710000 -0.000010
42.720000 -0.000008
42.730000 -0.000006
42.740000 -0.000004
42.750000 -0.000002
42.760000 0.000000
42.770000 0.000002
42.780000 0.000004
42.790000 0.000006
42.800000 0.000008
42.810000 0.000010
42.820000 0.000012
42.830000 0.000013
42.840000 0.000015
42.850000 0.000017
42.860000 0.000019
42.870000 0.000021
42.880000 0.000023
42.890000 0.000024
42.900000 0.000026
42.910000 0.000027
42.920000 0.000029
42.930000 0.000030
42.940000 0.000031
42.950000 0.000033
42.960000 0.000034
42.970000 0.000035
42.980000 0.000036
42.990000 0.000037
43.000000 0.000037
43.010000 0.000038
43.020000 0.000039
43.030000 0.000039
43.040000 0.000039
43.050000 0.000040
43.060000 0.000040
43.070000 0.000040
43.080000 0.000040
43.090000 0.000039
43.100000 0.000039
43.110000 0.000039
43.120000 0.000038
43.130000 0.000038
43.140000 0.000037
43.150000 0.000037
43.160000 0.000036
43.170000 0.000035
43.180000 0.000034
43.190000 0.000033
43.200000 0.000033
43.210000 0.000032
43.220000 0.000031
43.230000 0.000029
43.240000 0.000028
43.250000 0.000027
43.260000 0.000026
43.270000 0.000024
43.280000 0.000023
43.290000 0.000021
43.300000 0.000020
43.310000 0.000018
43.320000 0.000017
43.330000 0.000015
43.340000 0.000013
43.350000 0.000012
43.360000 0.000010
43.370000 0.000008
43.380000 0.000006
43.390000 0.000004
43.400000 0.000002
43.410000 -0.000000
43.420000 -0.000002
43.430000 -0.000004
43.440000 -0.000006
43.450000 -0.000008
43.460000 -0.000010
43.470000 -0.000012
43.480000 -0.000013
43.490000 -0.000015
43.500000 -0.000016
43.510000 -0.000018
43.520000 -0.000019
43.530000 -0.000020
43.540000 -0.000021
43.550000 -0.000023
43.560000 -0.000024
43.570000 -0.000025
43.580000 -0.000026
43.590000 -0.000027
43.600000 -0.000028
43.610000 -0.000029
43.620000 -0.000030
43.630000 -0.000031
43.640000 -0.000032
43.650000 -0.000033
43.660000 -0.000034
43.670000 -0.000035
43.680000 -0.000036
43.690000 -0.000037
43.700000 -0.000038
43.710000 -0.000039
43.720000 -0.000040
43.730000 -0.000042
43.740000 -0.000043
43.750000 -0.000045
43.760000 -0.000046
43.770000 -0.000048
43.780000 -0.000050
43.790000 -0.000052
43.800000 -0.000054
43.810000 -0.000056
43.820000 -0.000058
43.830000 -0.000060
43.840000 -0.000063
43.850000 -0.000065
43.860000 -0.000068
43.870000 -0.000071
43.880000 -0.000073
43.890000 -0.000076
43.900000 -0.000079
43.910000 -0.000082
43.920000 -0.000085
43.930000 -0.000088
43.940000 -0.000092
43.950000 -0.000095
43.960000 -0.000098
43.970000 -0.000102
43.980000 -0.000105
43.990000 -0.000109
44.000000 -0.000112
44.010000 -0.000116
44.020000 -0.000120
44.030000 -0.000123
44.040000 -0.000127
44.050000 -0.000130
44.060000 -0.000134
44.070000 -0.000137
44.080000 -0.000141
44.090000 -0.000144
44.100000 -0.000148
44.110000 -0.000151
44.120000 -0.000154
44.130000 -0.000157
44.140000 -0.000161
44.150000 -0.000164
44.160000 -0.000167
44.170000 -0.000170
44.180000 -0.000173
44.190000 -0.000177
44.200000 -0.000180
44.210000 -0.000183
44.220000 -0.000186
44.230000 -0.000190
44.240000 -0.000193
44.250000 -0.000196
44.260000 -0.000199
44.270000 -0.000202
44.280000 -0.000205
44.290000 -0.000208
44.300000 -0.000210
44.310000 -0.000213
44.320000 -0.000215
44.330000 -0.000218
44.340000 -0.000220
44.350000 -0.000222
44.360000 -0.000224
44.370000 -0.000225
44.380000 -0.000227
44.390000 -0.000229
44.400000 -0.000230
44.410000 -0.000231
44.420000 -0.000233
44.430000 -0.000234
44.440000 -0.000235
44.450000 -0.000237
44.460000 -0.000238
44.470000 -0.000239
44.480000 -0.000241
44.490000 -0.000242
44.500000 -0.000243
44.510000 -0.000245
44.520000 -0.000246
44.530000 -0.000247
44.540000 -0.000249
44.550000 -0.000250
44.560000 -0.000252
44.570000 -0.000253
44.580000 -0.000255
44.590000 -0.000256
44.600000 -0.000258
44.610000 -0.000259
44.620000 -0.000261
44.630000 -0.000262
44.640000 -0.000264
44.650000 -0.000265
44.660000 -0.000266
44.670000 -0.000268
44.680000 -0.000269
44.690000 -0.000271
44.700000 -0.000272
44.710000 -0.000274
44.720000 -0.000275
44.730000 -0.000277
44.740000 -0.000278
44.750000 -0.000280
44.760000 -0.000282
44.770000 -0.000284
44.780000 -0.000285
44.790000 -0.000287
44.800000 -0.000289
44.810000 -0.000291
44.820000 -0.000292
44.830000 -0.000294
44.840000 -0.000296
44.850000 -0.000297
44.860000 -0.000299
44.870000 -0.000301
44.880000 -0.000302
44.890000 -0.000304
44.900000 -0.000306
44.910000 -0.000307
44.920000 -0.000309
44.930000 -0.000311
44.940000 -0.000313
44.950000 -0.000314
44.960000 -0.000316
44.970000 -0.000318
44.980000 -0.000319
44.990000 -0.000321
45.000000 -0.000322
45.010000 -0.000323
45.020000 -0.000325
45.030000 -0.000326
45.040000 -0.000327
45.050000 -0.000328
45.060000 -0.000330
45.070000 -0.000331
45.080000 -0.000332
45.090000 -0.000334
45.100000 -0.000335
45.110000 -0.000337
45.120000 -0.000339
45.130000 -0.000340
45.140000 -0.000342
45.150000 -0.000344
45.160000 -0.000346
45.170000 -0.000348
45.180000 -0.000350
45.190000 -0.000351
45.200000 -0.000353
45.210000 -0.000355
45.220000 -0.000356
45.230000 -0.000358
45.240000 -0.000360
45.250000 -0.000361
45.260000 -0.000363
45.270000 -0.000364
45.280000 -0.000365
45.290000 -0.000366
45.300000 -0.000367
45.310000 -0.000368
45.320000 -0.000369
45.330000 -0.000370
45.340000 -0.000370
45.350000 -0.000371
45.360000 -0.000371
45.370000 -0.000371
45.380000 -0.000371
45.390000 -0.000371
45.400000 -0.000371
45.410000 -0.000370
45.420000 -0.000370
45.430000 -0.000369
45.440000 -0.000368
45.450000 -0.000368
45.460000 -0.000367
45.470000 -0.000365
45.480000 -0.000364
45.490000 -0.000363
45.500000 -0.000362
45.510000 -0.000360
45.520000 -0.000359
45.530000 -0.000357
45.540000 -0.000355
45.550000 -0.000354
45.560000 -0.000352
45.570000 -0.000350
45.580000 -0.000349
45.590000 -0.000348
45.600000 -0.000347
45.610000 -0.000346
45.620000 -0.000345
45.630000 -0.000344
45.640000 -0.000343
45.650000 -0.000343
45.660000 -0.000342
45.670000 -0.000342
45.680000 -0.000342
45.690000 -0.000342
45.700000 -0.000342
45.710000 -0.000342
45.720000 -0.000343
45.730000 -0.000343
45.740000 -0.000343
45.750000 -0.000344
45.760000 -0.000344
45.770000 -0.000345
45.780000 -0.000345
45.790000 -0.000346
45.800000 -0.000346
45.810000 -0.000347
45.820000 -0.000347
45.830000 -0.000347
45.840000 -0.000347
45.850000 -0.000348
45.860000 -0.000348
45.870000 -0.000347
45.880000 -0.000347
45.890000 -0.000347
45.900000 -0.000347
45.910000 -0.000347
45.920000 -0.000347
45.930000 -0.000346
45.940000 -0.000346
45.950000 -0.000346
45.960000 -0.000346
45.970000 -0.000345
45.980000 -0.000345
45.990000 -0.000345
46.000000 -0.000345
46.010000 -0.000344
46.020000 -0.000344
46.030000 -0.000344
46.040000 -0.000344
46.050000 -0.000344
46.060000 -0.000344
46.070000 -0.000345
46.080000 -0.000345
46.090000 -0.000346
46.100000 -0.000347
46.110000 -0.000348
46.120000 -0.000349
46.130000 -0.000350
46.140000 -0.000351
46.150000 -0.000352
46.160000 -0.000353
46.170000 -0.000353
46.180000 -0.000354
46.190000 -0.000355
46.200000 -0.000355
46.210000 -0.000356
46.220000 -0.000356
46.230000 -0.000356
46.240000 -0.000356
46.250000 -0.000357
46.260000 -0.000357
46.270000 -0.000357
46.280000 -0.000356
46.290000 -0.000356
46.300000 -0.000356
46.310000 -0.000356
46.320000 -0.000355
46.330000 -0.000355
46.340000 -0.000354
46.350000 -0.000353
46.360000 -0.000352
46.370000 -0.000351
46.380000 -0.000350
46.390000 -0.000349
46.400000 -0.000348
46.410000 -0.000346
46.420000 -0.000345
46.430000 -0.000343
46.440000 -0.000341
46.450000 -0.000340
46.460000 -0.000338
46.470000 -0.000336
46.480000 -0.000334
46.490000 -0.000332
46.500000 -0.000330
46.510000 -0.000328
46.520000 -0.000326
46.530000 -0.000324
46.540000 -0.000322
46.550000 -0.000320
46.560000 -0.000318
46.570000 -0.000317
46.580000 -0.000315
46.590000 -0.000314
46.600000 -0.000312
46.610000 -0.000311
46.620000 -0.000309
46.630000 -0.000307
46.640000 -0.000306
46.650000 -0.000304
46.660000 -0.000302
46.670000 -0.000300
46.680000 -0.000298
46.690000 -0.000296
46.700000 -0.000294
46.710000 -0.000291
46.720000 -0.000289
46.730000 -0.000287
46.740000 -0.000286
46.750000 -0.000284
46.760000 -0.000282
46.770000 -0.000280
46.780000 -0.000279
46.790000 -0.000277
46.800000 -0.000276
46.810000 -0.000275
46.820000 -0.000274
46.830000 -0.000273
46.840000 -0.000272
46.850000 -0.000271
46.860000 -0.000270
46.870000 -0.000269
46.880000 -0.000268
46.890000 -0.000266
46.900000 -0.000265
46.910000 -0.000264
46.920000 -0.000262
46.930000 -0.000261
46.940000 -0.000260
46.950000 -0.000258
46.960000 -0.000256
46.970000 -0.000255
46.980000 -0.000253
46.990000 -0.000251
47.000000 -0.000249
47.010000 -0.000246
47.020000 -0.000244
47.030000 -0.000242
47.040000 -0.000240
47.050000 -0.000237
47.060000 -0.000235
47.070000 -0.000232
47.080000 -0.000230
47.090000 -0.000228
47.100000 -0.000226
47.110000 -0.000224
47.120000 -0.000221
47.130000 -0.000219
47.140000 -0.000217
47.150000 -0.000216
47.160000 -0.000214
47.170000 -0.000212
47.180000 -0.000210
47.190000 -0.000208
47.200000 -0.000206
47.210000 -0.000204
47.220000 -0.000202
47.230000 -0.000200
47.240000 -0.000198
47.250000 -0.000195
47.260000 -0.000193
47.270000 -0.000191
47.280000 -0.000188
47.290000 -0.000186
47.300000 -0.000183
47.310000 -0.000181
47.320000 -0.000178
47.330000 -0.000175
47.340000 -0.000173
47.350000 -0.000170
47.360000 -0.000168
47.370000 -0.000166
47.380000 -0.000163
47.390000 -0.000161
47.400000 -0.000159
47.410000 -0.000157
47.420000 -0.000155
47.430000 -0.000153
47.440000 -0.000152
47.450000 -0.000150
47.460000 -0.000149
47.470000 -0.000147
47.480000 -0.000146
47.490000 -0.000145
47.500000 -0.000143
47.510000 -0.000142
47.520000 -0.000141
47.530000 -0.000141
47.540000 -0.000140
47.550000 -0.000139
47.560000 -0.000139
47.570000 -0.000138
47.580000 -0.000138
47.590000 -0.000137
47.600000 -0.000137
47.610000 -0.000137
47.620000 -0.000136
47.630000 -0.000136
47.640000 -0.000136
47.650000 -0.000136
47.660000 -0.000135
47.670000 -0.000135
47.680000 -0.000135
47.690000 -0.000135
47.700000 -0.000134
47.710000 -0.000134
47.720000 -0.000134
47.730000 -0.000133
47.740000 -0.000132
47.750000 -0.000132
47.760000 -0.000131
47.770000 -0.000130
47.780000 -0.000128
47.790000 -0.000127
47.800000 -0.000126
47.810000 -0.000124
47.820000 -0.000123
47.830000 -0.000121
47.840000 -0.000119
47.850000 -0.000117
47.860000 -0.000115
47.870000 -0.000113
47.880000 -0.000111
47.890000 -0.000109
47.900000 -0.000107
47.910000 -0.000105
47.920000 -0.000103
47.930000 -0.000101
47.940000 -0.000099
47.950000 -0.000097
47.960000 -0.000094
47.970000 -0.000092
47.980000 -0.000090
47.990000 -0.000088
48.000000 -0.000086
48.010000 -0.000084
48.020000 -0.000082
48.030000 -0.000081
48.040000 -0.000079
48.050000 -0.000077
48.060000 -0.000076
48.070000 -0.000074
48.080000 -0.000073
48.090000 -0.000072
48.100000 -0.000071
48.110000 -0.000071
48.120000 -0.000070
48.130000 -0.000070
48.140000 -0.000070
48.150000 -0.000069
48.160000 -0.000069
48.170000 -0.000070
48.180000 -0.000070
48.190000 -0.000070
48.200000 -0.000071
48.210000 -0.000071
48.220000 -0.000072
48.230000 -0.000072
48.240000 -0.000073
48.250000 -0.000073
48.260000 -0.000074
48.270000 -0.000074
48.280000 -0.000075
48.290000 -0.000075
48.300000 -0.000076
48.310000 -0.000076
48.320000 -0.000076
48.330000 -0.000076
48.340000 -0.000076
48.350000 -0.000076
48.360000 -0.000076
48.370000 -0.000076
48.380000 -0.000076
48.390000 -0.000076
48.400000 -0.000076
48.410000 -0.000076
48.420000 -0.000076
48.430000 -0.000076
48.440000 -0.000076
48.450000 -0.000077
48.460000 -0.000077
48.470000 -0.000078
48.480000 -0.000078
48.490000 -0.000079
48.500000 -0.000080
48.510000 -0.000080
48.520000 -0.000081
48.530000 -0.000082
48.540000 -0.000083
48.550000 -0.000084
48.560000 -0.000085
48.570000 -0.000087
48.580000 -0.000088
48.590000 -0.000089
48.600000 -0.000090
48.610000 -0.000091
48.620000 -0.000092
48.630000 -0.000094
48.640000 -0.000095
48.650000 -0.000096
48.660000 -0.000097
48.670000 -0.000098
48.680000 -0.000100
48.690000 -0.000101
48.700000 -0.000102
48.710000 -0.000103
48.720000 -0.000104
48.730000 -0.000105
48.740000 -0.000107
48.750000 -0.000108
48.760000 -0.000109
48.770000 -0.000110
48.780000 -0.000111
48.790000 -0.000112
48.800000 -0.000113
48.810000 -0.000114
48.820000 -0.000115
48.830000 -0.000116
48.840000 -0.000117
48.850000 -0.000118
48.860000 -0.000119
48.870000 -0.000120
48.880000 -0.000121
48.890000 -0.000122
48.900000 -0.000123
48.910000 -0.000124
48.920000 -0.000125
48.930000 -0.000126
48.940000 -0.000128
48.950000 -0.000129
48.960000 -0.000130
48.970000 -0.000131
48.980000 -0.000133
48.990000 -0.000134
49.000000 -0.000135
49.010000 -0.000136
49.020000 -0.000137
49.030000 -0.000139
49.040000 -0.000140
49.050000 -0.000141
49.060000 -0.000142
49.070000 -0.000143
49.080000 -0.000144
49.090000 -0.000145
49.100000 -0.000146
49.110000 -0.000147
49.120000 -0.000148
49.130000 -0.000149
49.140000 -0.000149
49.150000 -0.000150
49.160000 -0.000151
49.170000 -0.000151
49.180000 -0.000152
49.190000 -0.000152
49.200000 -0.000153
49.210000 -0.000153
49.220000 -0.000153
49.230000 -0.000154
49.240000 -0.000154
49.250000 -0.000154
49.260000 -0.000155
49.270000 -0.000155
49.280000 -0.000155
49.290000 -0.000156
49.300000 -0.000156
49.310000 -0.000156
49.320000 -0.000157
49.330000 -0.000157
49.340000 -0.000158
49.350000 -0.000159
49.360000 -0.000160
49.370000 -0.000161
49.380000 -0.000162
49.390000 -0.000163
49.400000 -0.000164
49.410000 -0.000165
49.420000 -0.000166
49.430000 -0.000167
49.440000 -0.000168
49.450000 -0.000169
49.460000 -0.000170
49.470000 -0.000171
49.480000 -0.000172
49.490000 -0.000173
49.500000 -0.000174
49.510000 -0.000174
49.520000 -0.000175
49.530000 -0.000175
49.540000 -0.000175
49.550000 -0.000175
49.560000 -0.000175
49.570000 -0.000174
49.580000 -0.000173
49.590000 -0.000172
49.600000 -0.000171
49.610000 -0.000170
49.620000 -0.000169
49.630000 -0.000167
49.640000 -0.000166
49.650000 -0.000164
49.660000 -0.000162
49.670000 -0.000161
49.680000 -0.000159
49.690000 -0.000157
49.700000 -0.000156
49.710000 -0.000154
49.720000 -0.000153
49.730000 -0.000151
49.740000 -0.000150
49.750000 -0.000149
49.760000 -0.000148
49.770000 -0.000147
49.780000 -0.000146
49.790000 -0.000145
49.800000 -0.000145
49.810000 -0.000144
49.820000 -0.000144
49.830000 -0.000143
49.840000 -0.000143
49.850000 -0.000142
49.860000 -0.000141
49.870000 -0.000141
49.880000 -0.000140
49.890000 -0.000139
49.900000 -0.000138
49.910000 -0.000137
49.920000 -0.000136
49.930000 -0.000134
49.940000 -0.000133
49.950000 -0.000131
49.960000 -0.000130
49.970000 -0.000128
49.980000 -0.000126
49.990000 -0.000123
