0.000000 0.000008
0.010000 0.000050
0.020000 0.000175
0.030000 0.000378
0.040000 0.000648
0.050000 0.000976
0.060000 0.001353
0.070000 0.001767
0.080000 0.002211
0.090000 0.002676
0.100000 0.003159
0.110000 0.003652
0.120000 0.004153
0.130000 0.004659
0.140000 0.005167
0.150000 0.005676
0.160000 0.006185
0.170000 0.006692
0.180000 0.007198
0.190000 0.007700
0.200000 0.008200
0.210000 0.008697
0.220000 0.009190
0.230000 0.009679
0.240000 0.010165
0.250000 0.010647
0.260000 0.011125
0.270000 0.011600
0.280000 0.012070
0.290000 0.012536
0.300000 0.012999
0.310000 0.013457
0.320000 0.013912
0.330000 0.014362
0.340000 0.014809
0.350000 0.015251
0.360000 0.015690
0.370000 0.016124
0.380000 0.016555
0.390000 0.016981
0.400000 0.017403
0.410000 0.017821
0.420000 0.018235
0.430000 0.018645
0.440000 0.019050
0.450000 0.019451
0.460000 0.019848
0.470000 0.020240
0.480000 0.020628
0.490000 0.021011
0.500000 0.021390
0.510000 0.021764
0.520000 0.022134
0.530000 0.022499
0.540000 0.022860
0.550000 0.023216
0.560000 0.023567
0.570000 0.023913
0.580000 0.024255
0.590000 0.024592
0.600000 0.024924
0.610000 0.025252
0.620000 0.025574
0.630000 0.025892
0.640000 0.026205
0.650000 0.026513
0.660000 0.026817
0.670000 0.027116
0.680000 0.027409
0.690000 0.027699
0.700000 0.027983
0.710000 0.028262
0.720000 0.028537
0.730000 0.028807
0.740000 0.029073
0.750000 0.029333
0.760000 0.029589
0.770000 0.029840
0.780000 0.030087
0.790000 0.030329
0.800000 0.030567
0.810000 0.030799
0.820000 0.031028
0.830000 0.031251
0.840000 0.031470
0.850000 0.031685
0.860000 0.031895
0.870000 0.032100
0.880000 0.032301
0.890000 0.032497
0.900000 0.032689
0.910000 0.032876
0.920000 0.033059
0.930000 0.033237
0.940000 0.033411
0.950000 0.033580
0.960000 0.033745
0.970000 0.033905
0.980000 0.034062
0.990000 0.034214
1.000000 0.034361
1.010000 0.034505
1.020000 0.034644
1.030000 0.034779
1.040000 0.034910
1.050000 0.035037
1.060000 0.035160
1.070000 0.035279
1.080000 0.035394
1.090000 0.035505
1.100000 0.035612
1.110000 0.035715
1.120000 0.035814
1.130000 0.035910
1.140000 0.036002
1.150000 0.036090
1.160000 0.036174
1.170000 0.036255
1.180000 0.036332
1.190000 0.036405
1.200000 0.036475
1.210000 0.036542
1.220000 0.036605
1.230000 0.036664
1.240000 0.036721
1.250000 0.036774
1.260000 0.036823
1.270000 0.036870
1.280000 0.036913
1.290000 0.036953
1.300000 0.036989
1.310000 0.037023
1.320000 0.037054
1.330000 0.037081
1.340000 0.037106
1.350000 0.037127
1.360000 0.037146
1.370000 0.037162
1.380000 0.037175
1.390000 0.037185
1.400000 0.037192
1.410000 0.037196
1.420000 0.037198
1.430000 0.037197
1.440000 0.037193
1.450000 0.037187
1.460000 0.037178
1.470000 0.037166
1.480000 0.037152
1.490000 0.037135
1.500000 0.037116
1.510000 0.037094
1.520000 0.037070
1.530000 0.037043
1.540000 0.037014
1.550000 0.036982
1.560000 0.036947
1.570000 0.036911
1.580000 0.036871
1.590000 0.036830
1.600000 0.036786
1.610000 0.036740
1.620000 0.036691
1.630000 0.036640
1.640000 0.036587
1.650000 0.036531
1.660000 0.036474
1.670000 0.036414
1.680000 0.036352
1.690000 0.036289
1.700000 0.036223
1.710000 0.036155
1.720000 0.036085
1.730000 0.036013
1.740000 0.035940
1.750000 0.035864
1.760000 0.035787
1.770000 0.035708
1.780000 0.035627
1.790000 0.035544
1.800000 0.035459
1.810000 0.035373
1.820000 0.035285
1.830000 0.035195
1.840000 0.035103
1.850000 0.035010
1.860000 0.034916
1.870000 0.034819
1.880000 0.034721
1.890000 0.034622
1.900000 0.034521
1.910000 0.034419
1.920000 0.034315
1.930000 0.034209
1.940000 0.034103
1.950000 0.033994
1.960000 0.033885
1.970000 0.033774
1.980000 0.033662
1.990000 0.033549
2.000000 0.033434
2.010000 0.033318
2.020000 0.033201
2.030000 0.033083
2.040000 0.032964
2.050000 0.032844
2.060000 0.032722
2.070000 0.032600
2.080000 0.032477
2.090000 0.032352
2.100000 0.032227
2.110000 0.032101
2.120000 0.031974
2.130000 0.031846
2.140000 0.031717
2.150000 0.031587
2.160000 0.031456
2.170000 0.031325
2.180000 0.031192
2.190000 0.031059
2.200000 0.030925
2.210000 0.030789
2.220000 0.030654
2.230000 0.030517
2.240000 0.030379
2.250000 0.030241
2.260000 0.030102
2.270000 0.029963
2.280000 0.029822
2.290000 0.029681
2.300000 0.029540
2.310000 0.029398
2.320000 0.029255
2.330000 0.029111
2.340000 0.028967
2.350000 0.028822
2.360000 0.028677
2.370000 0.028531
2.380000 0.028385
2.390000 0.028238
2.400000 0.028091
2.410000 0.027943
2.420000 0.027795
2.430000 0.027646
2.440000 0.027497
2.450000 0.027347
2.460000 0.027198
2.470000 0.027048
2.480000 0.026897
2.490000 0.026747
2.500000 0.026596
2.510000 0.026444
2.520000 0.026293
2.530000 0.026141
2.540000 0.025989
2.550000 0.025837
2.560000 0.025685
2.570000 0.025533
2.580000 0.025380
2.590000 0.025227
2.600000 0.025074
2.610000 0.024921
2.620000 0.024767
2.630000 0.024613
2.640000 0.024460
2.650000 0.024306
2.660000 0.024152
2.670000 0.023997
2.680000 0.023843
2.690000 0.023688
2.700000 0.023534
2.710000 0.023379
2.720000 0.023224
2.730000 0.023069
2.740000 0.022914
2.750000 0.022759
2.760000 0.022603
2.770000 0.022448
2.780000 0.022293
2.790000 0.022137
2.800000 0.021982
2.810000 0.021826
2.820000 0.021671
2.830000 0.021515
2.840000 0.021360
2.850000 0.021204
2.860000 0.021049
2.870000 0.020893
2.880000 0.020738
2.890000 0.020583
2.900000 0.020428
2.910000 0.020273
2.920000 0.020118
2.930000 0.019964
2.940000 0.019809
2.950000 0.019655
2.960000 0.019500
2.970000 0.019346
2.980000 0.019192
2.990000 0.019038
3.000000 0.018884
3.010000 0.018731
3.020000 0.018577
3.030000 0.018424
3.040000 0.018271
3.050000 0.018118
3.060000 0.017965
3.070000 0.017812
3.080000 0.017660
3.090000 0.017508
3.100000 0.017356
3.110000 0.017205
3.120000 0.017053
3.130000 0.016902
3.140000 0.016751
3.150000 0.016601
3.160000 0.016451
3.170000 0.016300
3.180000 0.016150
3.190000 0.016001
3.200000 0.015851
3.210000 0.015702
3.220000 0.015553
3.230000 0.015404
3.240000 0.015255
3.250000 0.015107
3.260000 0.014958
3.270000 0.014810
3.280000 0.014663
3.290000 0.014515
3.300000 0.014367
3.310000 0.014220
3.320000 0.014073
3.330000 0.013926
3.340000 0.013779
3.350000 0.013633
3.360000 0.013487
3.370000 0.013341
3.380000 0.013195
3.390000 0.013050
3.400000 0.012905
3.410000 0.012760
3.420000 0.012616
3.430000 0.012472
3.440000 0.012328
3.450000 0.012184
3.460000 0.012041
3.470000 0.011899
3.480000 0.011756
3.490000 0.011614
3.500000 0.011472
3.510000 0.011331
3.520000 0.011190
3.530000 0.011049
3.540000 0.010909
3.550000 0.010769
3.560000 0.010629
3.570000 0.010490
3.580000 0.010350
3.590000 0.010212
3.600000 0.010073
3.610000 0.009935
3.620000 0.009797
3.630000 0.009660
3.640000 0.009523
3.650000 0.009386
3.660000 0.009249
3.670000 0.009113
3.680000 0.008978
3.690000 0.008842
3.700000 0.008707
3.710000 0.008573
3.720000 0.008439
3.730000 0.008305
3.740000 0.008172
3.750000 0.008039
3.760000 0.007907
3.770000 0.007775
3.780000 0.007644
3.790000 0.007513
3.800000 0.007382
3.810000 0.007252
3.820000 0.007122
3.830000 0.006993
3.840000 0.006864
3.850000 0.006735
3.860000 0.006607
3.870000 0.006479
3.880000 0.006352
3.890000 0.006225
3.900000 0.006098
3.910000 0.005972
3.920000 0.005846
3.930000 0.005720
3.940000 0.005595
3.950000 0.005470
3.960000 0.005345
3.970000 0.005221
3.980000 0.005097
3.990000 0.004974
4.000000 0.004851
4.010000 0.004728
4.020000 0.004606
4.030000 0.004484
4.040000 0.004362
4.050000 0.004241
4.060000 0.004120
4.070000 0.004000
4.080000 0.003880
4.090000 0.003761
4.100000 0.003642
4.110000 0.003523
4.120000 0.003406
4.130000 0.003288
4.140000 0.003171
4.150000 0.003055
4.160000 0.002939
4.170000 0.002824
4.180000 0.002709
4.190000 0.002594
4.200000 0.002481
4.210000 0.002367
4.220000 0.002255
4.230000 0.002142
4.240000 0.002031
4.250000 0.001919
4.260000 0.001809
4.270000 0.001698
4.280000 0.001588
4.290000 0.001479
4.300000 0.001370
4.310000 0.001261
4.320000 0.001153
4.330000 0.001045
4.340000 0.000938
4.350000 0.000831
4.360000 0.000725
4.370000 0.000619
4.380000 0.000513
4.390000 0.000408
4.400000 0.000304
4.410000 0.000200
4.420000 0.000096
4.430000 -0.000007
4.440000 -0.000110
4.450000 -0.000213
4.460000 -0.000314
4.470000 -0.000416
4.480000 -0.000517
4.490000 -0.000617
4.500000 -0.000717
4.510000 -0.000817
4.520000 -0.000916
4.530000 -0.001015
4.540000 -0.001113
4.550000 -0.001211
4.560000 -0.001308
4.570000 -0.001405
4.580000 -0.001502
4.590000 -0.001598
4.600000 -0.001694
4.610000 -0.001789
4.620000 -0.001884
4.630000 -0.001978
4.640000 -0.002072
4.650000 -0.002165
4.660000 -0.002258
4.670000 -0.002350
4.680000 -0.002442
4.690000 -0.002534
4.700000 -0.002624
4.710000 -0.002714
4.720000 -0.002804
4.730000 -0.002893
4.740000 -0.002982
4.750000 -0.003070
4.760000 -0.003157
4.770000 -0.003243
4.780000 -0.003329
4.790000 -0.003415
4.800000 -0.003500
4.810000 -0.003584
4.820000 -0.003668
4.830000 -0.003751
4.840000 -0.003833
4.850000 -0.003915
4.860000 -0.003997
4.870000 -0.004078
4.880000 -0.004158
4.890000 -0.004238
4.900000 -0.004317
4.910000 -0.004396
4.920000 -0.004475
4.930000 -0.004553
4.940000 -0.004631
4.950000 -0.004708
4.960000 -0.004785
4.970000 -0.004862
4.980000 -0.004938
4.990000 -0.005014
5.000000 -0.005089
5.010000 -0.005165
5.020000 -0.005240
5.030000 -0.005314
5.040000 -0.005388
5.050000 -0.005462
5.060000 -0.005535
5.070000 -0.005608
5.080000 -0.005680
5.090000 -0.005752
5.100000 -0.005823
5.110000 -0.005894
5.120000 -0.005964
5.130000 -0.006034
5.140000 -0.006103
5.150000 -0.006172
5.160000 -0.006241
5.170000 -0.006309
5.180000 -0.006376
5.190000 -0.006443
5.200000 -0.006509
5.210000 -0.006575
5.220000 -0.006640
5.230000 -0.006705
5.240000 -0.006770
5.250000 -0.006833
5.260000 -0.006897
5.270000 -0.006960
5.280000 -0.007022
5.290000 -0.007084
5.300000 -0.007145
5.310000 -0.007206
5.320000 -0.007267
5.330000 -0.007327
5.340000 -0.007386
5.350000 -0.007445
5.360000 -0.007503
5.370000 -0.007561
5.380000 -0.007619
5.390000 -0.007676
5.400000 -0.007733
5.410000 -0.007789
5.420000 -0.007844
5.430000 -0.007900
5.440000 -0.007954
5.450000 -0.008009
5.460000 -0.008063
5.470000 -0.008116
5.480000 -0.008169
5.490000 -0.008222
5.500000 -0.008274
5.510000 -0.008326
5.520000 -0.008378
5.530000 -0.008429
5.540000 -0.008480
5.550000 -0.008530
5.560000 -0.008580
5.570000 -0.008630
5.580000 -0.008679
5.590000 -0.008728
5.600000 -0.008777
5.610000 -0.008825
5.620000 -0.008873
5.630000 -0.008921
5.640000 -0.008968
5.650000 -0.009015
5.660000 -0.009062
5.670000 -0.009108
5.680000 -0.009154
5.690000 -0.009199
5.700000 -0.009245
5.710000 -0.009289
5.720000 -0.009334
5.730000 -0.009378
5.740000 -0.009422
5.750000 -0.009465
5.760000 -0.009508
5.770000 -0.009551
5.780000 -0.009593
5.790000 -0.009635
5.800000 -0.009676
5.810000 -0.009718
5.820000 -0.009758
5.830000 -0.009799
5.840000 -0.009839
5.850000 -0.009878
5.860000 -0.009918
5.870000 -0.009957
5.880000 -0.009995
5.890000 -0.010034
5.900000 -0.010072
5.910000 -0.010109
5.920000 -0.010146
5.930000 -0.010183
5.940000 -0.010220
5.950000 -0.010256
5.960000 -0.010293
5.970000 -0.010328
5.980000 -0.010364
5.990000 -0.010399
6.000000 -0.010434
6.010000 -0.010469
6.020000 -0.010504
6.030000 -0.010538
6.040000 -0.010572
6.050000 -0.010605
6.060000 -0.010638
6.070000 -0.010671
6.080000 -0.010704
6.090000 -0.010736
6.100000 -0.010768
6.110000 -0.010800
6.120000 -0.010831
6.130000 -0.010862
6.140000 -0.010893
6.150000 -0.010923
6.160000 -0.010953
6.170000 -0.010983
6.180000 -0.011012
6.190000 -0.011041
6.200000 -0.011070
6.210000 -0.011098
6.220000 -0.011126
6.230000 -0.011153
6.240000 -0.011180
6.250000 -0.011207
6.260000 -0.011233
6.270000 -0.011259
6.280000 -0.011285
6.290000 -0.011310
6.300000 -0.011334
6.310000 -0.011359
6.320000 -0.011383
6.330000 -0.011407
6.340000 -0.011431
6.350000 -0.011454
6.360000 -0.011477
6.370000 -0.011500
6.380000 -0.011522
6.390000 -0.011544
6.400000 -0.011566
6.410000 -0.011588
6.420000 -0.011609
6.430000 -0.011631
6.440000 -0.011652
6.450000 -0.011672
6.460000 -0.011693
6.470000 -0.011713
6.480000 -0.011733
6.490000 -0.011753
6.500000 -0.011772
6.510000 -0.011792
6.520000 -0.011811
6.530000 -0.011829
6.540000 -0.011847
6.550000 -0.011865
6.560000 -0.011883
6.570000 -0.011900
6.580000 -0.011917
6.590000 -0.011934
6.600000 -0.011950
6.610000 -0.011966
6.620000 -0.011981
6.630000 -0.011996
6.640000 -0.012011
6.650000 -0.012025
6.660000 -0.012040
6.670000 -0.012053
6.680000 -0.012067
6.690000 -0.012080
6.700000 -0.012093
6.710000 -0.012106
6.720000 -0.012118
6.730000 -0.012131
6.740000 -0.012143
6.750000 -0.012154
6.760000 -0.012166
6.770000 -0.012177
6.780000 -0.012188
6.790000 -0.012198
6.800000 -0.012208
6.810000 -0.012219
6.820000 -0.012228
6.830000 -0.012238
6.840000 -0.012247
6.850000 -0.012256
6.860000 -0.012265
6.870000 -0.012274
6.880000 -0.012282
6.890000 -0.012290
6.900000 -0.012298
6.910000 -0.012306
6.920000 -0.012313
6.930000 -0.012320
6.940000 -0.012327
6.950000 -0.012333
6.960000 -0.012340
6.970000 -0.012346
6.980000 -0.012352
6.990000 -0.012357
7.000000 -0.012363
7.010000 -0.012368
7.020000 -0.012373
7.030000 -0.012378
7.040000 -0.012383
7.050000 -0.012388
7.060000 -0.012392
7.070000 -0.012397
7.080000 -0.012401
7.090000 -0.012405
7.100000 -0.012408
7.110000 -0.012412
7.120000 -0.012416
7.130000 -0.012419
7.140000 -0.012422
7.150000 -0.012426
7.160000 -0.012429
7.170000 -0.012432
7.180000 -0.012434
7.190000 -0.012437
7.200000 -0.012440
7.210000 -0.012442
7.220000 -0.012444
7.230000 -0.012447
7.240000 -0.012449
7.250000 -0.012451
7.260000 -0.012452
7.270000 -0.012454
7.280000 -0.012456
7.290000 -0.012457
7.300000 -0.012458
7.310000 -0.012459
7.320000 -0.012460
7.330000 -0.012461
7.340000 -0.012461
7.350000 -0.012461
7.360000 -0.012461
7.370000 -0.012461
7.380000 -0.012460
7.390000 -0.012459
7.400000 -0.012458
7.410000 -0.012457
7.420000 -0.012456
7.430000 -0.012454
7.440000 -0.012452
7.450000 -0.012450
7.460000 -0.012448
7.470000 -0.012445
7.480000 -0.012443
7.490000 -0.012440
7.500000 -0.012437
7.510000 -0.012434
7.520000 -0.012430
7.530000 -0.012427
7.540000 -0.012423
7.550000 -0.012419
7.560000 -0.012415
7.570000 -0.012410
7.580000 -0.012406
7.590000 -0.012402
7.600000 -0.012397
7.610000 -0.012392
7.620000 -0.012387
7.630000 -0.012382
7.640000 -0.012377
7.650000 -0.012372
7.660000 -0.012366
7.670000 -0.012361
7.680000 -0.012356
7.690000 -0.012350
7.700000 -0.012344
7.710000 -0.012338
7.720000 -0.012332
7.730000 -0.012326
7.740000 -0.012320
7.750000 -0.012313
7.760000 -0.012307
7.770000 -0.012300
7.780000 -0.012293
7.790000 -0.012286
7.800000 -0.012279
7.810000 -0.012271
7.820000 -0.012264
7.830000 -0.012257
7.840000 -0.012249
7.850000 -0.012241
7.860000 -0.012234
7.870000 -0.012226
7.880000 -0.012218
7.890000 -0.012209
7.900000 -0.012201
7.910000 -0.012193
7.920000 -0.012184
7.930000 -0.012175
7.940000 -0.012166
7.950000 -0.012157
7.960000 -0.012148
7.970000 -0.012139
7.980000 -0.012130
7.990000 -0.012120
8.000000 -0.012111
8.010000 -0.012101
8.020000 -0.012092
8.030000 -0.012082
8.040000 -0.012072
8.050000 -0.012062
8.060000 -0.012053
8.070000 -0.012043
8.080000 -0.012033
8.090000 -0.012023
8.100000 -0.012013
8.110000 -0.012004
8.120000 -0.011994
8.130000 -0.011984
8.140000 -0.011974
8.150000 -0.011965
8.160000 -0.011955
8.170000 -0.011945
8.180000 -0.011935
8.190000 -0.011926
8.200000 -0.011916
8.210000 -0.011906
8.220000 -0.011896
8.230000 -0.011886
8.240000 -0.011876
8.250000 -0.011866
8.260000 -0.011856
8.270000 -0.011846
8.280000 -0.011835
8.290000 -0.011825
8.300000 -0.011815
8.310000 -0.011805
8.320000 -0.011794
8.330000 -0.011784
8.340000 -0.011774
8.350000 -0.011764
8.360000 -0.011753
8.370000 -0.011743
8.380000 -0.011733
8.390000 -0.011723
8.400000 -0.011713
8.410000 -0.011703
8.420000 -0.011693
8.430000 -0.011682
8.440000 -0.011672
8.450000 -0.011662
8.460000 -0.011652
8.470000 -0.011642
8.480000 -0.011631
8.490000 -0.011621
8.500000 -0.011610
8.510000 -0.011600
8.520000 -0.011589
8.530000 -0.011578
8.540000 -0.011567
8.550000 -0.011556
8.560000 -0.011545
8.570000 -0.011534
8.580000 -0.011523
8.590000 -0.011511
8.600000 -0.011500
8.610000 -0.011488
8.620000 -0.011477
8.630000 -0.011465
8.640000 -0.011453
8.650000 -0.011441
8.660000 -0.011429
8.670000 -0.011417
8.680000 -0.011405
8.690000 -0.011393
8.700000 -0.011381
8.710000 -0.011369
8.720000 -0.011357
8.730000 -0.011345
8.740000 -0.011332
8.750000 -0.011320
8.760000 -0.011308
8.770000 -0.011296
8.780000 -0.011283
8.790000 -0.011271
8.800000 -0.011259
8.810000 -0.011246
8.820000 -0.011234
8.830000 -0.011221
8.840000 -0.011209
8.850000 -0.011196
8.860000 -0.011183
8.870000 -0.011171
8.880000 -0.011158
8.890000 -0.011145
8.900000 -0.011132
8.910000 -0.011119
8.920000 -0.011106
8.930000 -0.011093
8.940000 -0.011080
8.950000 -0.011067
8.960000 -0.011054
8.970000 -0.011041
8.980000 -0.011027
8.990000 -0.011014
9.000000 -0.011001
9.010000 -0.010988
9.020000 -0.010974
9.030000 -0.010961
9.040000 -0.010948
9.050000 -0.010935
9.060000 -0.010922
9.070000 -0.010908
9.080000 -0.010895
9.090000 -0.010882
9.100000 -0.010869
9.110000 -0.010855
9.120000 -0.010842
9.130000 -0.010829
9.140000 -0.010815
9.150000 -0.010802
9.160000 -0.010788
9.170000 -0.010774
9.180000 -0.010761
9.190000 -0.010747
9.200000 -0.010733
9.210000 -0.010719
9.220000 -0.010705
9.230000 -0.010691
9.240000 -0.010677
9.250000 -0.010663
9.260000 -0.010649
9.270000 -0.010634
9.280000 -0.010620
9.290000 -0.010606
9.300000 -0.010591
9.310000 -0.010576
9.320000 -0.010562
9.330000 -0.010547
9.340000 -0.010532
9.350000 -0.010516
9.360000 -0.010501
9.370000 -0.010486
9.380000 -0.010470
9.390000 -0.010455
9.400000 -0.010439
9.410000 -0.010423
9.420000 -0.010408
9.430000 -0.010392
9.440000 -0.010376
9.450000 -0.010360
9.460000 -0.010343
9.470000 -0.010327
9.480000 -0.010311
9.490000 -0.010295
9.500000 -0.010279
9.510000 -0.010262
9.520000 -0.010246
9.530000 -0.010230
9.540000 -0.010214
9.550000 -0.010197
9.560000 -0.010181
9.570000 -0.010165
9.580000 -0.010148
9.590000 -0.010132
9.600000 -0.010116
9.610000 -0.010099
9.620000 -0.010083
9.630000 -0.010067
9.640000 -0.010050
9.650000 -0.010034
9.660000 -0.010017
9.670000 -0.010001
9.680000 -0.009984
9.690000 -0.009968
9.700000 -0.009951
9.710000 -0.009935
9.720000 -0.009918
9.730000 -0.009901
9.740000 -0.009884
9.750000 -0.009868
9.760000 -0.009851
9.770000 -0.009834
9.780000 -0.009817
9.790000 -0.009800
9.800000 -0.009783
9.810000 -0.009765
9.820000 -0.009748
9.830000 -0.009731
9.840000 -0.009714
9.850000 -0.009697
9.860000 -0.009680
9.870000 -0.009663
9.880000 -0.009646
9.890000 -0.009629
9.900000 -0.009612
9.910000 -0.009595
9.920000 -0.009578
9.930000 -0.009562
9.940000 -0.009545
9.950000 -0.009528
9.960000 -0.009511
9.970000 -0.009495
9.980000 -0.009478
9.990000 -0.009461
10.000000 -0.009444
10.010000 -0.009427
10.020000 -0.009411
10.030000 -0.009394
10.040000 -0.009377
10.050000 -0.009360
10.060000 -0.009342
10.070000 -0.009325
10.080000 -0.009308
10.090000 -0.009291
10.100000 -0.009273
10.110000 -0.009256
10.120000 -0.009239
10.130000 -0.009221
10.140000 -0.009204
10.150000 -0.009186
10.160000 -0.009169
10.170000 -0.009151
10.180000 -0.009134
10.190000 -0.009117
10.200000 -0.009099
10.210000 -0.009082
10.220000 -0.009064
10.230000 -0.009047
10.240000 -0.009029
10.250000 -0.009012
10.260000 -0.008994
10.270000 -0.008977
10.280000 -0.008959
10.290000 -0.008941
10.300000 -0.008924
10.310000 -0.008906
10.320000 -0.008888
10.330000 -0.008870
10.340000 -0.008852
10.350000 -0.008834
10.360000 -0.008816
10.370000 -0.008798
10.380000 -0.008780
10.390000 -0.008762
10.400000 -0.008744
10.410000 -0.008726
10.420000 -0.008708
10.430000 -0.008690
10.440000 -0.008672
10.450000 -0.008653
10.460000 -0.008635
10.470000 -0.008617
10.480000 -0.008599
10.490000 -0.008581
10.500000 -0.008562
10.510000 -0.008544
10.520000 -0.008526
10.530000 -0.008508
10.540000 -0.008489
10.550000 -0.008471
10.560000 -0.008452
10.570000 -0.008434
10.580000 -0.008416
10.590000 -0.008397
10.600000 -0.008379
10.610000 -0.008360
10.620000 -0.008342
10.630000 -0.008323
10.640000 -0.008305
10.650000 -0.008287
10.660000 -0.008268
10.670000 -0.008250
10.680000 -0.008232
10.690000 -0.008213
10.700000 -0.008195
10.710000 -0.008177
10.720000 -0.008159
10.730000 -0.008140
10.740000 -0.008122
10.750000 -0.008104
10.760000 -0.008086
10.770000 -0.008067
10.780000 -0.008049
10.790000 -0.008031
10.800000 -0.008012
10.810000 -0.007994
10.820000 -0.007975
10.830000 -0.007957
10.840000 -0.007938
10.850000 -0.007920
10.860000 -0.007901
10.870000 -0.007883
10.880000 -0.007864
10.890000 -0.007846
10.900000 -0.007827
10.910000 -0.007808
10.920000 -0.007790
10.930000 -0.007771
10.940000 -0.007753
10.950000 -0.007735
10.960000 -0.007716
10.970000 -0.007698
10.980000 -0.007680
10.990000 -0.007661
11.000000 -0.007643
11.010000 -0.007625
11.020000 -0.007607
11.030000 -0.007589
11.040000 -0.007570
11.050000 -0.007552
11.060000 -0.007534
11.070000 -0.007515
11.080000 -0.007497
11.090000 -0.007478
11.100000 -0.007460
11.110000 -0.007441
11.120000 -0.007423
11.130000 -0.007404
11.140000 -0.007385
11.150000 -0.007367
11.160000 -0.007348
11.170000 -0.007329
11.180000 -0.007311
11.190000 -0.007292
11.200000 -0.007273
11.210000 -0.007254
11.220000 -0.007236
11.230000 -0.007217
11.240000 -0.007198
11.250000 -0.007179
11.260000 -0.007159
11.270000 -0.007140
11.280000 -0.007121
11.290000 -0.007102
11.300000 -0.007082
11.310000 -0.007063
11.320000 -0.007043
11.330000 -0.007024
11.340000 -0.007005
11.350000 -0.006985
11.360000 -0.006966
11.370000 -0.006947
11.380000 -0.006927
11.390000 -0.006908
11.400000 -0.006889
11.410000 -0.006870
11.420000 -0.006851
11.430000 -0.006831
11.440000 -0.006812
11.450000 -0.006793
11.460000 -0.006774
11.470000 -0.006755
11.480000 -0.006736
11.490000 -0.006717
11.500000 -0.006698
11.510000 -0.006679
11.520000 -0.006659
11.530000 -0.006640
11.540000 -0.006621
11.550000 -0.006603
11.560000 -0.006584
11.570000 -0.006565
11.580000 -0.006546
11.590000 -0.006527
11.600000 -0.006509
11.610000 -0.006490
11.620000 -0.006472
11.630000 -0.006453
11.640000 -0.006435
11.650000 -0.006416
11.660000 -0.006398
11.670000 -0.006379
11.680000 -0.006361
11.690000 -0.006342
11.700000 -0.006323
11.710000 -0.006305
11.720000 -0.006286
11.730000 -0.006267
11.740000 -0.006249
11.750000 -0.006230
11.760000 -0.006211
11.770000 -0.006192
11.780000 -0.006174
11.790000 -0.006155
11.800000 -0.006136
11.810000 -0.006118
11.820000 -0.006099
11.830000 -0.006081
11.840000 -0.006063
11.850000 -0.006044
11.860000 -0.006026
11.870000 -0.006008
11.880000 -0.005990
11.890000 -0.005972
11.900000 -0.005954
11.910000 -0.005936
11.920000 -0.005918
11.930000 -0.005900
11.940000 -0.005882
11.950000 -0.005864
11.960000 -0.005846
11.970000 -0.005829
11.980000 -0.005811
11.990000 -0.005794
12.000000 -0.005776
12.010000 -0.005758
12.020000 -0.005741
12.030000 -0.005723
12.040000 -0.005706
12.050000 -0.005689
12.060000 -0.005671
12.070000 -0.005654
12.080000 -0.005636
12.090000 -0.005619
12.100000 -0.005602
12.110000 -0.005585
12.120000 -0.005567
12.130000 -0.005550
12.140000 -0.005533
12.150000 -0.005516
12.160000 -0.005499
12.170000 -0.005483
12.180000 -0.005466
12.190000 -0.005449
12.200000 -0.005432
12.210000 -0.005415
12.220000 -0.005399
12.230000 -0.005382
12.240000 -0.005366
12.250000 -0.005349
12.260000 -0.005333
12.270000 -0.005316
12.280000 -0.005300
12.290000 -0.005284
12.300000 -0.005267
12.310000 -0.005251
12.320000 -0.005235
12.330000 -0.005219
12.340000 -0.005203
12.350000 -0.005187
12.360000 -0.005171
12.370000 -0.005155
12.380000 -0.005139
12.390000 -0.005123
12.400000 -0.005108
12.410000 -0.005092
12.420000 -0.005077
12.430000 -0.005061
12.440000 -0.005046
12.450000 -0.005031
12.460000 -0.005015
12.470000 -0.005000
12.480000 -0.004985
12.490000 -0.004969
12.500000 -0.004954
12.510000 -0.004939
12.520000 -0.004923
12.530000 -0.004908
12.540000 -0.004892
12.550000 -0.004877
12.560000 -0.004862
12.570000 -0.004846
12.580000 -0.004831
12.590000 -0.004815
12.600000 -0.004800
12.610000 -0.004784
12.620000 -0.004769
12.630000 -0.004753
12.640000 -0.004737
12.650000 -0.004722
12.660000 -0.004706
12.670000 -0.004690
12.680000 -0.004675
12.690000 -0.004659
12.700000 -0.004643
12.710000 -0.004628
12.720000 -0.004612
12.730000 -0.004597
12.740000 -0.004581
12.750000 -0.004565
12.760000 -0.004550
12.770000 -0.004534
12.780000 -0.004519
12.790000 -0.004503
12.800000 -0.004488
12.810000 -0.004472
12.820000 -0.004457
12.830000 -0.004441
12.840000 -0.004426
12.850000 -0.004410
12.860000 -0.004395
12.870000 -0.004380
12.880000 -0.004364
12.890000 -0.004349
12.900000 -0.004334
12.910000 -0.004319
12.920000 -0.004303
12.930000 -0.004289
12.940000 -0.004274
12.950000 -0.004259
12.960000 -0.004244
12.970000 -0.004230
12.980000 -0.004216
12.990000 -0.004202
13.000000 -0.004188
13.010000 -0.004174
13.020000 -0.004160
13.030000 -0.004146
13.040000 -0.004133
13.050000 -0.004119
13.060000 -0.004106
13.070000 -0.004092
13.080000 -0.004079
13.090000 -0.004066
13.100000 -0.004053
13.110000 -0.004039
13.120000 -0.004026
13.130000 -0.004013
13.140000 -0.004000
13.150000 -0.003986
13.160000 -0.003973
13.170000 -0.003960
13.180000 -0.003947
13.190000 -0.003933
13.200000 -0.003920
13.210000 -0.003907
13.220000 -0.003894
13.230000 -0.003881
13.240000 -0.003868
13.250000 -0.003854
13.260000 -0.003841
13.270000 -0.003828
13.280000 -0.003815
13.290000 -0.003802
13.300000 -0.003789
13.310000 -0.003776
13.320000 -0.003763
13.330000 -0.003750
13.340000 -0.003737
13.350000 -0.003724
13.360000 -0.003711
13.370000 -0.003698
13.380000 -0.003685
13.390000 -0.003673
13.400000 -0.003660
13.410000 -0.003647
13.420000 -0.003634
13.430000 -0.003622
13.440000 -0.003609
13.450000 -0.003596
13.460000 -0.003584
13.470000 -0.003571
13.480000 -0.003559
13.490000 -0.003546
13.500000 -0.003534
13.510000 -0.003522
13.520000 -0.003510
13.530000 -0.003498
13.540000 -0.003486
13.550000 -0.003474
13.560000 -0.003462
13.570000 -0.003450
13.580000 -0.003439
13.590000 -0.003427
13.600000 -0.003415
13.610000 -0.003403
13.620000 -0.003392
13.630000 -0.003380
13.640000 -0.003368
13.650000 -0.003357
13.660000 -0.003345
13.670000 -0.003334
13.680000 -0.003322
13.690000 -0.003311
13.700000 -0.003300
13.710000 -0.003289
13.720000 -0.003277
13.730000 -0.003266
13.740000 -0.003255
13.750000 -0.003244
13.760000 -0.003233
13.770000 -0.003222
13.780000 -0.003211
13.790000 -0.003200
13.800000 -0.003189
13.810000 -0.003178
13.820000 -0.003167
13.830000 -0.003156
13.840000 -0.003145
13.850000 -0.003134
13.860000 -0.003124
13.870000 -0.003113
13.880000 -0.003102
13.890000 -0.003091
13.900000 -0.003080
13.910000 -0.003070
13.920000 -0.003059
13.930000 -0.003048
13.940000 -0.003038
13.950000 -0.003027
13.960000 -0.003016
13.970000 -0.003006
13.980000 -0.002995
13.990000 -0.002985
14.000000 -0.002974
14.010000 -0.002964
14.020000 -0.002954
14.030000 -0.002943
14.040000 -0.002933
14.050000 -0.002923
14.060000 -0.002913
14.070000 -0.002902
14.080000 -0.002892
14.090000 -0.002882
14.100000 -0.002872
14.110000 -0.002862
14.120000 -0.002852
14.130000 -0.002842
14.140000 -0.002832
14.150000 -0.002822
14.160000 -0.002812
14.170000 -0.002802
14.180000 -0.002792
14.190000 -0.002782
14.200000 -0.002773
14.210000 -0.002763
14.220000 -0.002753
14.230000 -0.002744
14.240000 -0.002734
14.250000 -0.002725
14.260000 -0.002716
14.270000 -0.002707
14.280000 -0.002697
14.290000 -0.002688
14.300000 -0.002679
14.310000 -0.002670
14.320000 -0.002661
14.330000 -0.002652
14.340000 -0.002642
14.350000 -0.002633
14.360000 -0.002624
14.370000 -0.002615
14.380000 -0.002606
14.390000 -0.002597
14.400000 -0.002588
14.410000 -0.002579
14.420000 -0.002570
14.430000 -0.002560
14.440000 -0.002551
14.450000 -0.002542
14.460000 -0.002533
14.470000 -0.002524
14.480000 -0.002515
14.490000 -0.002505
14.500000 -0.002496
14.510000 -0.002487
14.520000 -0.002478
14.530000 -0.002469
14.540000 -0.002460
14.550000 -0.002451
14.560000 -0.002442
14.570000 -0.002433
14.580000 -0.002424
14.590000 -0.002415
14.600000 -0.002406
14.610000 -0.002398
14.620000 -0.002389
14.630000 -0.002380
14.640000 -0.002371
14.650000 -0.002362
14.660000 -0.002353
14.670000 -0.002344
14.680000 -0.002335
14.690000 -0.002326
14.700000 -0.002317
14.710000 -0.002308
14.720000 -0.002299
14.730000 -0.002291
14.740000 -0.002282
14.750000 -0.002273
14.760000 -0.002264
14.770000 -0.002256
14.780000 -0.002247
14.790000 -0.002238
14.800000 -0.002230
14.810000 -0.002221
14.820000 -0.002212
14.830000 -0.002204
14.840000 -0.002195
14.850000 -0.002186
14.860000 -0.002178
14.870000 -0.002169
14.880000 -0.002160
14.890000 -0.002152
14.900000 -0.002143
14.910000 -0.002134
14.920000 -0.002125
14.930000 -0.002117
14.940000 -0.002108
14.950000 -0.002099
14.960000 -0.002091
14.970000 -0.002082
14.980000 -0.002073
14.990000 -0.002065
15.000000 -0.002056
15.010000 -0.002048
15.020000 -0.002039
15.030000 -0.002031
15.040000 -0.002022
15.050000 -0.002014
15.060000 -0.002006
15.070000 -0.001998
15.080000 -0.001990
15.090000 -0.001982
15.100000 -0.001974
15.110000 -0.001966
15.120000 -0.001958
15.130000 -0.001950
15.140000 -0.001942
15.150000 -0.001934
15.160000 -0.001926
15.170000 -0.001918
15.180000 -0.001910
15.190000 -0.001903
15.200000 -0.001895
15.210000 -0.001887
15.220000 -0.001880
15.230000 -0.001872
15.240000 -0.001865
15.250000 -0.001857
15.260000 -0.001849
15.270000 -0.001842
15.280000 -0.001834
15.290000 -0.001826
15.300000 -0.001819
15.310000 -0.001811
15.320000 -0.001804
15.330000 -0.001796
15.340000 -0.001788
15.350000 -0.001780
15.360000 -0.001773
15.370000 -0.001765
15.380000 -0.001757
15.390000 -0.001749
15.400000 -0.001742
15.410000 -0.001734
15.420000 -0.001727
15.430000 -0.001719
15.440000 -0.001712
15.450000 -0.001705
15.460000 -0.001697
15.470000 -0.001690
15.480000 -0.001683
15.490000 -0.001676
15.500000 -0.001668
15.510000 -0.001661
15.520000 -0.001654
15.530000 -0.001647
15.540000 -0.001639
15.550000 -0.001632
15.560000 -0.001625
15.570000 -0.001618
15.580000 -0.001611
15.590000 -0.001604
15.600000 -0.001597
15.610000 -0.001590
15.620000 -0.001583
15.630000 -0.001576
15.640000 -0.001569
15.650000 -0.001562
15.660000 -0.001555
15.670000 -0.001548
15.680000 -0.001541
15.690000 -0.001533
15.700000 -0.001526
15.710000 -0.001519
15.720000 -0.001512
15.730000 -0.001505
15.740000 -0.001498
15.750000 -0.001490
15.760000 -0.001483
15.770000 -0.001476
15.780000 -0.001469
15.790000 -0.001462
15.800000 -0.001455
15.810000 -0.001448
15.820000 -0.001441
15.830000 -0.001434
15.840000 -0.001427
15.850000 -0.001420
15.860000 -0.001413
15.870000 -0.001406
15.880000 -0.001399
15.890000 -0.001392
15.900000 -0.001385
15.910000 -0.001379
15.920000 -0.001372
15.930000 -0.001365
15.940000 -0.001358
15.950000 -0.001352
15.960000 -0.001345
15.970000 -0.001339
15.980000 -0.001332
15.990000 -0.001326
16.000000 -0.001319
16.010000 -0.001313
16.020000 -0.001306
16.030000 -0.001300
16.040000 -0.001293
16.050000 -0.001287
16.060000 -0.001280
16.070000 -0.001274
16.080000 -0.001267
16.090000 -0.001260
16.100000 -0.001254
16.110000 -0.001247
16.120000 -0.001241
16.130000 -0.001235
16.140000 -0.001228
16.150000 -0.001222
16.160000 -0.001216
16.170000 -0.001209
16.180000 -0.001203
16.190000 -0.001197
16.200000 -0.001191
16.210000 -0.001185
16.220000 -0.001179
16.230000 -0.001173
16.240000 -0.001167
16.250000 -0.001161
16.260000 -0.001156
16.270000 -0.001150
16.280000 -0.001144
16.290000 -0.001139
16.300000 -0.001133
16.310000 -0.001128
16.320000 -0.001122
16.330000 -0.001117
16.340000 -0.001112
16.350000 -0.001106
16.360000 -0.001101
16.370000 -0.001096
16.380000 -0.001091
16.390000 -0.001087
16.400000 -0.001082
16.410000 -0.001077
16.420000 -0.001072
16.430000 -0.001068
16.440000 -0.001063
16.450000 -0.001058
16.460000 -0.001054
16.470000 -0.001049
16.480000 -0.001044
16.490000 -0.001040
16.500000 -0.001035
16.510000 -0.001030
16.520000 -0.001026
16.530000 -0.001021
16.540000 -0.001016
16.550000 -0.001011
16.560000 -0.001006
16.570000 -0.001001
16.580000 -0.000995
16.590000 -0.000990
16.600000 -0.000985
16.610000 -0.000979
16.620000 -0.000974
16.630000 -0.000968
16.640000 -0.000963
16.650000 -0.000957
16.660000 -0.000951
16.670000 -0.000946
16.680000 -0.000940
16.690000 -0.000935
16.700000 -0.000930
16.710000 -0.000924
16.720000 -0.000919
16.730000 -0.000914
16.740000 -0.000909
16.750000 -0.000904
16.760000 -0.000899
16.770000 -0.000894
16.780000 -0.000888
16.790000 -0.000883
16.800000 -0.000878
16.810000 -0.000873
16.820000 -0.000867
16.830000 -0.000862
16.840000 -0.000856
16.850000 -0.000851
16.860000 -0.000845
16.870000 -0.000839
16.880000 -0.000833
16.890000 -0.000827
16.900000 -0.000821
16.910000 -0.000815
16.920000 -0.000808
16.930000 -0.000802
16.940000 -0.000796
16.950000 -0.000789
16.960000 -0.000783
16.970000 -0.000777
16.980000 -0.000770
16.990000 -0.000764
17.000000 -0.000758
17.010000 -0.000751
17.020000 -0.000745
17.030000 -0.000738
17.040000 -0.000732
17.050000 -0.000725
17.060000 -0.000718
17.070000 -0.000712
17.080000 -0.000705
17.090000 -0.000699
17.100000 -0.000692
17.110000 -0.000686
17.120000 -0.000680
17.130000 -0.000673
17.140000 -0.000667
17.150000 -0.000661
17.160000 -0.000655
17.170000 -0.000649
17.180000 -0.000643
17.190000 -0.000637
17.200000 -0.000631
17.210000 -0.000625
17.220000 -0.000620
17.230000 -0.000614
17.240000 -0.000608
17.250000 -0.000602
17.260000 -0.000597
17.270000 -0.000591
17.280000 -0.000586
17.290000 -0.000580
17.300000 -0.000575
17.310000 -0.000569
17.320000 -0.000564
17.330000 -0.000558
17.340000 -0.000553
17.350000 -0.000548
17.360000 -0.000543
17.370000 -0.000537
17.380000 -0.000532
17.390000 -0.000527
17.400000 -0.000522
17.410000 -0.000517
17.420000 -0.000512
17.430000 -0.000507
17.440000 -0.000502
17.450000 -0.000497
17.460000 -0.000492
17.470000 -0.000487
17.480000 -0.000482
17.490000 -0.000477
17.500000 -0.000472
17.510000 -0.000468
17.520000 -0.000463
17.530000 -0.000459
17.540000 -0.000455
17.550000 -0.000450
17.560000 -0.000446
17.570000 -0.000442
17.580000 -0.000438
17.590000 -0.000435
17.600000 -0.000431
17.610000 -0.000428
17.620000 -0.000424
17.630000 -0.000421
17.640000 -0.000418
17.650000 -0.000415
17.660000 -0.000412
17.670000 -0.000409
17.680000 -0.000406
17.690000 -0.000403
17.700000 -0.000401
17.710000 -0.000398
17.720000 -0.000395
17.730000 -0.000393
17.740000 -0.000390
17.750000 -0.000388
17.760000 -0.000385
17.770000 -0.000383
17.780000 -0.000380
17.790000 -0.000378
17.800000 -0.000375
17.810000 -0.000373
17.820000 -0.000371
17.830000 -0.000368
17.840000 -0.000366
17.850000 -0.000364
17.860000 -0.000361
17.870000 -0.000359
17.880000 -0.000357
17.890000 -0.000355
17.900000 -0.000353
17.910000 -0.000351
17.920000 -0.000349
17.930000 -0.000347
17.940000 -0.000345
17.950000 -0.000343
17.960000 -0.000341
17.970000 -0.000339
17.980000 -0.000337
17.990000 -0.000335
18.000000 -0.000333
18.010000 -0.000331
18.020000 -0.000329
18.030000 -0.000327
18.040000 -0.000325
18.050000 -0.000323
18.060000 -0.000321
18.070000 -0.000319
18.080000 -0.000317
18.090000 -0.000315
18.100000 -0.000313
18.110000 -0.000311
18.120000 -0.000309
18.130000 -0.000307
18.140000 -0.000305
18.150000 -0.000302
18.160000 -0.000300
18.170000 -0.000298
18.180000 -0.000296
18.190000 -0.000293
18.200000 -0.000291
18.210000 -0.000289
18.220000 -0.000287
18.230000 -0.000284
18.240000 -0.000282
18.250000 -0.000279
18.260000 -0.000277
18.270000 -0.000274
18.280000 -0.000272
18.290000 -0.000269
18.300000 -0.000267
18.310000 -0.000264
18.320000 -0.000261
18.330000 -0.000259
18.340000 -0.000256
18.350000 -0.000254
18.360000 -0.000251
18.370000 -0.000249
18.380000 -0.000246
18.390000 -0.000244
18.400000 -0.000242
18.410000 -0.000239
18.420000 -0.000237
18.430000 -0.000235
18.440000 -0.000233
18.450000 -0.000230
18.460000 -0.000228
18.470000 -0.000226
18.480000 -0.000224
18.490000 -0.000222
18.500000 -0.000220
18.510000 -0.000218
18.520000 -0.000215
18.530000 -0.000213
18.540000 -0.000211
18.550000 -0.000209
18.560000 -0.000207
18.570000 -0.000204
18.580000 -0.000202
18.590000 -0.000200
18.600000 -0.000197
18.610000 -0.000195
18.620000 -0.000193
18.630000 -0.000190
18.640000 -0.000188
18.650000 -0.000185
18.660000 -0.000183
18.670000 -0.000180
18.680000 -0.000178
18.690000 -0.000176
18.700000 -0.000173
18.710000 -0.000171
18.720000 -0.000169
18.730000 -0.000167
18.740000 -0.000164
18.750000 -0.000162
18.760000 -0.000160
18.770000 -0.000157
18.780000 -0.000155
18.790000 -0.000153
18.800000 -0.000150
18.810000 -0.000148
18.820000 -0.000146
18.830000 -0.000143
18.840000 -0.000141
18.850000 -0.000138
18.860000 -0.000136
18.870000 -0.000133
18.880000 -0.000130
18.890000 -0.000128
18.900000 -0.000125
18.910000 -0.000123
18.920000 -0.000120
18.930000 -0.000118
18.940000 -0.000115
18.950000 -0.000113
18.960000 -0.000110
18.970000 -0.000108
18.980000 -0.000106
18.990000 -0.000103
19.000000 -0.000101
19.010000 -0.000099
19.020000 -0.000096
19.030000 -0.000094
19.040000 -0.000092
19.050000 -0.000089
19.060000 -0.000087
19.070000 -0.000085
19.080000 -0.000083
19.090000 -0.000081
19.100000 -0.000079
19.110000 -0.000077
19.120000 -0.000075
19.130000 -0.000073
19.140000 -0.000071
19.150000 -0.000069
19.160000 -0.000068
19.170000 -0.000066
19.180000 -0.000064
19.190000 -0.000062
19.200000 -0.000061
19.210000 -0.000059
19.220000 -0.000057
19.230000 -0.000056
19.240000 -0.000054
19.250000 -0.000052
19.260000 -0.000051
19.270000 -0.000049
19.280000 -0.000048
19.290000 -0.000046
19.300000 -0.000045
19.310000 -0.000044
19.320000 -0.000042
19.330000 -0.000041
19.340000 -0.000039
19.350000 -0.000038
19.360000 -0.000037
19.370000 -0.000035
19.380000 -0.000034
19.390000 -0.000033
19.400000 -0.000031
19.410000 -0.000030
19.420000 -0.000029
19.430000 -0.000028
19.440000 -0.000026
19.450000 -0.000025
19.460000 -0.000024
19.470000 -0.000022
19.480000 -0.000021
19.490000 -0.000019
19.500000 -0.000018
19.510000 -0.000017
19.520000 -0.000015
19.530000 -0.000014
19.540000 -0.000012
19.550000 -0.000011
19.560000 -0.000010
19.570000 -0.000009
19.580000 -0.000008
19.590000 -0.000007
19.600000 -0.000006
19.610000 -0.000005
19.620000 -0.000004
19.630000 -0.000003
19.640000 -0.000002
19.650000 -0.000002
19.660000 -0.000001
19.670000 -0.000000
19.680000 0.000001
19.690000 0.000001
19.700000 0.000002
19.710000 0.000003
19.720000 0.000004
19.730000 0.000005
19.740000 0.000006
19.750000 0.000007
19.760000 0.000007
19.770000 0.000008
19.780000 0.000009
19.790000 0.000010
19.800000 0.000011
19.810000 0.000013
19.820000 0.000014
19.830000 0.000015
19.840000 0.000016
19.850000 0.000018
19.860000 0.000019
19.870000 0.000020
19.880000 0.000022
19.890000 0.000023
19.900000 0.000025
19.910000 0.000026
19.920000 0.000028
19.930000 0.000029
19.940000 0.000031
19.950000 0.000032
19.960000 0.000034
19.970000 0.000035
19.980000 0.000036
19.990000 0.000037
20.000000 0.000039
20.010000 0.000040
20.020000 0.000041
20.030000 0.000042
20.040000 0.000043
20.050000 0.000044
20.060000 0.000045
20.070000 0.000046
20.080000 0.000046
20.090000 0.000047
20.100000 0.000048
20.110000 0.000049
20.120000 0.000049
20.130000 0.000050
20.140000 0.000051
20.150000 0.000051
20.160000 0.000052
20.170000 0.000053
20.180000 0.000054
20.190000 0.000055
20.200000 0.000055
20.210000 0.000056
20.220000 0.000057
20.230000 0.000058
20.240000 0.000059
20.250000 0.000060
20.260000 0.000061
20.270000 0.000062
20.280000 0.000064
20.290000 0.000065
20.300000 0.000066
20.310000 0.000067
20.320000 0.000068
20.330000 0.000070
20.340000 0.000071
20.350000 0.000072
20.360000 0.000074
20.370000 0.000075
20.380000 0.000077
20.390000 0.000079
20.400000 0.000080
20.410000 0.000082
20.420000 0.000084
20.430000 0.000085
20.440000 0.000087
20.450000 0.000089
20.460000 0.000091
20.470000 0.000092
20.480000 0.000094
20.490000 0.000096
20.500000 0.000097
20.510000 0.000099
20.520000 0.000101
20.530000 0.000102
20.540000 0.000103
20.550000 0.000105
20.560000 0.000106
20.570000 0.000107
20.580000 0.000108
20.590000 0.000110
20.600000 0.000111
20.610000 0.000112
20.620000 0.000113
20.630000 0.000114
20.640000 0.000115
20.650000 0.000115
20.660000 0.000116
20.670000 0.000117
20.680000 0.000118
20.690000 0.000119
20.700000 0.000120
20.710000 0.000121
20.720000 0.000121
20.730000 0.000122
20.740000 0.000123
20.750000 0.000124
20.760000 0.000125
20.770000 0.000127
20.780000 0.000128
20.790000 0.000129
20.800000 0.000130
20.810000 0.000131
20.820000 0.000133
20.830000 0.000134
20.840000 0.000135
20.850000 0.000137
20.860000 0.000138
20.870000 0.000139
20.880000 0.000141
20.890000 0.000142
20.900000 0.000143
20.910000 0.000145
20.920000 0.000146
20.930000 0.000147
20.940000 0.000149
20.950000 0.000150
20.960000 0.000151
20.970000 0.000153
20.980000 0.000154
20.990000 0.000155
21.000000 0.000157
21.010000 0.000158
21.020000 0.000159
21.030000 0.000161
21.040000 0.000162
21.050000 0.000163
21.060000 0.000165
21.070000 0.000166
21.080000 0.000167
21.090000 0.000169
21.100000 0.000170
21.110000 0.000171
21.120000 0.000173
21.130000 0.000174
21.140000 0.000175
21.150000 0.000177
21.160000 0.000178
21.170000 0.000179
21.180000 0.000180
21.190000 0.000181
21.200000 0.000183
21.210000 0.000184
21.220000 0.000185
21.230000 0.000185
21.240000 0.000186
21.250000 0.000187
21.260000 0.000188
21.270000 0.000189
21.280000 0.000190
21.290000 0.000190
21.300000 0.000191
21.310000 0.000192
21.320000 0.000192
21.330000 0.000193
21.340000 0.000193
21.350000 0.000193
21.360000 0.000194
21.370000 0.000194
21.380000 0.000194
21.390000 0.000194
21.400000 0.000194
21.410000 0.000194
21.420000 0.000194
21.430000 0.000194
21.440000 0.000194
21.450000 0.000194
21.460000 0.000194
21.470000 0.000194
21.480000 0.000194
21.490000 0.000194
21.500000 0.000194
21.510000 0.000194
21.520000 0.000194
21.530000 0.000194
21.540000 0.000193
21.550000 0.000193
21.560000 0.000193
21.570000 0.000193
21.580000 0.000192
21.590000 0.000192
21.600000 0.000191
21.610000 0.000191
21.620000 0.000190
21.630000 0.000189
21.640000 0.000189
21.650000 0.000188
21.660000 0.000187
21.670000 0.000186
21.680000 0.000185
21.690000 0.000185
21.700000 0.000184
21.710000 0.000183
21.720000 0.000182
21.730000 0.000181
21.740000 0.000180
21.750000 0.000179
21.760000 0.000178
21.770000 0.000177
21.780000 0.000176
21.790000 0.000176
21.800000 0.000175
21.810000 0.000174
21.820000 0.000174
21.830000 0.000173
21.840000 0.000173
21.850000 0.000172
21.860000 0.000172
21.870000 0.000172
21.880000 0.000171
21.890000 0.000171
21.900000 0.000171
21.910000 0.000170
21.920000 0.000170
21.930000 0.000169
21.940000 0.000169
21.950000 0.000168
21.960000 0.000168
21.970000 0.000167
21.980000 0.000166
21.990000 0.000165
22.000000 0.000165
22.010000 0.000164
22.020000 0.000163
22.030000 0.000162
22.040000 0.000162
22.050000 0.000161
22.060000 0.000160
22.070000 0.000159
22.080000 0.000158
22.090000 0.000158
22.100000 0.000157
22.110000 0.000156
22.120000 0.000155
22.130000 0.000154
22.140000 0.000153
22.150000 0.000152
22.160000 0.000150
22.170000 0.000149
22.180000 0.000148
22.190000 0.000146
22.200000 0.000145
22.210000 0.000143
22.220000 0.000142
22.230000 0.000140
22.240000 0.000139
22.250000 0.000137
22.260000 0.000136
22.270000 0.000134
22.280000 0.000133
22.290000 0.000131
22.300000 0.000130
22.310000 0.000129
22.320000 0.000127
22.330000 0.000126
22.340000 0.000125
22.350000 0.000124
22.360000 0.000123
22.370000 0.000122
22.380000 0.000121
22.390000 0.000120
22.400000 0.000119
22.410000 0.000119
22.420000 0.000118
22.430000 0.000117
22.440000 0.000117
22.450000 0.000116
22.460000 0.000116
22.470000 0.000116
22.480000 0.000115
22.490000 0.000115
22.500000 0.000115
22.510000 0.000114
22.520000 0.000114
22.530000 0.000114
22.540000 0.000113
22.550000 0.000113
22.560000 0.000113
22.570000 0.000112
22.580000 0.000112
22.590000 0.000111
22.600000 0.000111
22.610000 0.000110
22.620000 0.000110
22.630000 0.000109
22.640000 0.000109
22.650000 0.000108
22.660000 0.000108
22.670000 0.000107
22.680000 0.000107
22.690000 0.000106
22.700000 0.000106
22.710000 0.000105
22.720000 0.000105
22.730000 0.000104
22.740000 0.000104
22.750000 0.000103
22.760000 0.000103
22.770000 0.000102
22.780000 0.000102
22.790000 0.000101
22.800000 0.000101
22.810000 0.000100
22.820000 0.000100
22.830000 0.000099
22.840000 0.000099
22.850000 0.000098
22.860000 0.000098
22.870000 0.000098
22.880000 0.000097
22.890000 0.000097
22.900000 0.000097
22.910000 0.000096
22.920000 0.000096
22.930000 0.000096
22.940000 0.000095
22.950000 0.000095
22.960000 0.000095
22.970000 0.000094
22.980000 0.000093
22.990000 0.000093
23.000000 0.000092
23.010000 0.000091
23.020000 0.000090
23.030000 0.000089
23.040000 0.000088
23.050000 0.000087
23.060000 0.000086
23.070000 0.000084
23.080000 0.000083
23.090000 0.000082
23.100000 0.000081
23.110000 0.000079
23.120000 0.000078
23.130000 0.000077
23.140000 0.000076
23.150000 0.000075
23.160000 0.000074
23.170000 0.000073
23.180000 0.000073
23.190000 0.000072
23.200000 0.000071
23.210000 0.000071
23.220000 0.000070
23.230000 0.000069
23.240000 0.000069
23.250000 0.000068
23.260000 0.000067
23.270000 0.000066
23.280000 0.000066
23.290000 0.000065
23.300000 0.000065
23.310000 0.000064
23.320000 0.000063
23.330000 0.000063
23.340000 0.000062
23.350000 0.000062
23.360000 0.000061
23.370000 0.000060
23.380000 0.000060
23.390000 0.000059
23.400000 0.000058
23.410000 0.000058
23.420000 0.000057
23.430000 0.000056
23.440000 0.000056
23.450000 0.000055
23.460000 0.000054
23.470000 0.000054
23.480000 0.000054
23.490000 0.000053
23.500000 0.000053
23.510000 0.000052
23.520000 0.000052
23.530000 0.000052
23.540000 0.000051
23.550000 0.000051
23.560000 0.000050
23.570000 0.000050
23.580000 0.000049
23.590000 0.000049
23.600000 0.000048
23.610000 0.000048
23.620000 0.000047
23.630000 0.000046
23.640000 0.000046
23.650000 0.000045
23.660000 0.000044
23.670000 0.000043
23.680000 0.000042
23.690000 0.000041
23.700000 0.000040
23.710000 0.000040
23.720000 0.000039
23.730000 0.000038
23.740000 0.000037
23.750000 0.000036
23.760000 0.000035
23.770000 0.000034
23.780000 0.000033
23.790000 0.000032
23.800000 0.000031
23.810000 0.000030
23.820000 0.000029
23.830000 0.000028
23.840000 0.000027
23.850000 0.000026
23.860000 0.000025
23.870000 0.000024
23.880000 0.000023
23.890000 0.000021
23.900000 0.000020
23.910000 0.000019
23.920000 0.000018
23.930000 0.000017
23.940000 0.000016
23.950000 0.000015
23.960000 0.000014
23.970000 0.000013
23.980000 0.000012
23.990000 0.000012
24.000000 0.000011
24.010000 0.000010
24.020000 0.000010
24.030000 0.000009
24.040000 0.000009
24.050000 0.000009
24.060000 0.000008
24.070000 0.000008
24.080000 0.000008
24.090000 0.000008
24.100000 0.000008
24.110000 0.000008
24.120000 0.000008
24.130000 0.000008
24.140000 0.000008
24.150000 0.000007
24.160000 0.000007
24.170000 0.000007
24.180000 0.000007
24.190000 0.000007
24.200000 0.000007
24.210000 0.000007
24.220000 0.000007
24.230000 0.000006
24.240000 0.000006
24.250000 0.000006
24.260000 0.000006
24.270000 0.000006
24.280000 0.000006
24.290000 0.000006
24.300000 0.000006
24.310000 0.000005
24.320000 0.000005
24.330000 0.000005
24.340000 0.000005
24.350000 0.000005
24.360000 0.000004
24.370000 0.000004
24.380000 0.000004
24.390000 0.000003
24.400000 0.000003
24.410000 0.000003
24.420000 0.000002
24.430000 0.000002
24.440000 0.000002
24.450000 0.000002
24.460000 0.000002
24.470000 0.000002
24.480000 0.000002
24.490000 0.000002
24.500000 0.000002
24.510000 0.000002
24.520000 0.000003
24.530000 0.000003
24.540000 0.000003
24.550000 0.000003
24.560000 0.000004
24.570000 0.000004
24.580000 0.000004
24.590000 0.000004
24.600000 0.000005
24.610000 0.000005
24.620000 0.000005
24.630000 0.000005
24.640000 0.000006
24.650000 0.000006
24.660000 0.000006
24.670000 0.000007
24.680000 0.000007
24.690000 0.000007
24.700000 0.000008
24.710000 0.000008
24.720000 0.000009
24.730000 0.000009
24.740000 0.000010
24.750000 0.000010
24.760000 0.000011
24.770000 0.000011
24.780000 0.000012
24.790000 0.000012
24.800000 0.000013
24.810000 0.000013
24.820000 0.000014
24.830000 0.000015
24.840000 0.000015
24.850000 0.000016
24.860000 0.000017
24.870000 0.000018
24.880000 0.000019
24.890000 0.000020
24.900000 0.000021
24.910000 0.000022
24.920000 0.000023
24.930000 0.000024
24.940000 0.000026
24.950000 0.000027
24.960000 0.000029
24.970000 0.000031
24.980000 0.000033
24.990000 0.000035
25.000000 0.000036
25.010000 0.000039
25.020000 0.000041
25.030000 0.000043
25.040000 0.000045
25.050000 0.000047
25.060000 0.000049
25.070000 0.000051
25.080000 0.000053
25.090000 0.000055
25.100000 0.000057
25.110000 0.000059
25.120000 0.000061
25.130000 0.000063
25.140000 0.000065
25.150000 0.000067
25.160000 0.000068
25.170000 0.000070
25.180000 0.000072
25.190000 0.000074
25.200000 0.000076
25.210000 0.000078
25.220000 0.000080
25.230000 0.000082
25.240000 0.000084
25.250000 0.000086
25.260000 0.000088
25.270000 0.000090
25.280000 0.000091
25.290000 0.000093
25.300000 0.000095
25.310000 0.000097
25.320000 0.000098
25.330000 0.000100
25.340000 0.000102
25.350000 0.000103
25.360000 0.000105
25.370000 0.000106
25.380000 0.000108
25.390000 0.000109
25.400000 0.000110
25.410000 0.000112
25.420000 0.000113
25.430000 0.000114
25.440000 0.000116
25.450000 0.000117
25.460000 0.000118
25.470000 0.000120
25.480000 0.000121
25.490000 0.000123
25.500000 0.000124
25.510000 0.000126
25.520000 0.000127
25.530000 0.000129
25.540000 0.000131
25.550000 0.000132
25.560000 0.000134
25.570000 0.000135
25.580000 0.000137
25.590000 0.000139
25.600000 0.000140
25.610000 0.000142
25.620000 0.000144
25.630000 0.000146
25.640000 0.000147
25.650000 0.000149
25.660000 0.000151
25.670000 0.000152
25.680000 0.000154
25.690000 0.000156
25.700000 0.000157
25.710000 0.000159
25.720000 0.000160
25.730000 0.000162
25.740000 0.000163
25.750000 0.000164
25.760000 0.000165
25.770000 0.000167
25.780000 0.000168
25.790000 0.000169
25.800000 0.000170
25.810000 0.000171
25.820000 0.000172
25.830000 0.000172
25.840000 0.000173
25.850000 0.000174
25.860000 0.000175
25.870000 0.000176
25.880000 0.000176
25.890000 0.000177
25.900000 0.000178
25.910000 0.000179
25.920000 0.000180
25.930000 0.000181
25.940000 0.000181
25.950000 0.000182
25.960000 0.000183
25.970000 0.000184
25.980000 0.000185
25.990000 0.000186
26.000000 0.000186
26.010000 0.000187
26.020000 0.000187
26.030000 0.000188
26.040000 0.000188
26.050000 0.000189
26.060000 0.000189
26.070000 0.000189
26.080000 0.000190
26.090000 0.000190
26.100000 0.000190
26.110000 0.000191
26.120000 0.000191
26.130000 0.000191
26.140000 0.000192
26.150000 0.000193
26.160000 0.000193
26.170000 0.000194
26.180000 0.000195
26.190000 0.000196
26.200000 0.000196
26.210000 0.000198
26.220000 0.000199
26.230000 0.000200
26.240000 0.000201
26.250000 0.000203
26.260000 0.000204
26.270000 0.000205
26.280000 0.000207
26.290000 0.000208
26.300000 0.000210
26.310000 0.000211
26.320000 0.000212
26.330000 0.000213
26.340000 0.000215
26.350000 0.000216
26.360000 0.000217
26.370000 0.000218
26.380000 0.000219
26.390000 0.000219
26.400000 0.000220
26.410000 0.000221
26.420000 0.000222
26.430000 0.000223
26.440000 0.000223
26.450000 0.000224
26.460000 0.000224
26.470000 0.000225
26.480000 0.000226
26.490000 0.000226
26.500000 0.000226
26.510000 0.000227
26.520000 0.000227
26.530000 0.000227
26.540000 0.000228
26.550000 0.000228
26.560000 0.000228
26.570000 0.000228
26.580000 0.000227
26.590000 0.000227
26.600000 0.000227
26.610000 0.000227
26.620000 0.000226
26.630000 0.000226
26.640000 0.000226
26.650000 0.000225
26.660000 0.000225
26.670000 0.000224
26.680000 0.000224
26.690000 0.000223
26.700000 0.000222
26.710000 0.000222
26.720000 0.000221
26.730000 0.000221
26.740000 0.000220
26.750000 0.000219
26.760000 0.000218
26.770000 0.000218
26.780000 0.000217
26.790000 0.000216
26.800000 0.000215
26.810000 0.000214
26.820000 0.000214
26.830000 0.000213
26.840000 0.000211
26.850000 0.000210
26.860000 0.000209
26.870000 0.000208
26.880000 0.000207
26.890000 0.000205
26.900000 0.000204
26.910000 0.000203
26.920000 0.000201
26.930000 0.000200
26.940000 0.000199
26.950000 0.000198
26.960000 0.000196
26.970000 0.000195
26.980000 0.000194
26.990000 0.000193
27.000000 0.000192
27.010000 0.000191
27.020000 0.000189
27.030000 0.000188
27.040000 0.000187
27.050000 0.000186
27.060000 0.000184
27.070000 0.000183
27.080000 0.000182
27.090000 0.000180
27.100000 0.000179
27.110000 0.000177
27.120000 0.000176
27.130000 0.000174
27.140000 0.000173
27.150000 0.000171
27.160000 0.000169
27.170000 0.000168
27.180000 0.000166
27.190000 0.000164
27.200000 0.000162
27.210000 0.000160
27.220000 0.000158
27.230000 0.000157
27.240000 0.000155
27.250000 0.000153
27.260000 0.000151
27.270000 0.000149
27.280000 0.000147
27.290000 0.000145
27.300000 0.000143
27.310000 0.000141
27.320000 0.000139
27.330000 0.000137
27.340000 0.000135
27.350000 0.000133
27.360000 0.000132
27.370000 0.000130
27.380000 0.000128
27.390000 0.000126
27.400000 0.000124
27.410000 0.000123
27.420000 0.000121
27.430000 0.000119
27.440000 0.000117
27.450000 0.000116
27.460000 0.000114
27.470000 0.000112
27.480000 0.000111
27.490000 0.000109
27.500000 0.000108
27.510000 0.000106
27.520000 0.000104
27.530000 0.000102
27.540000 0.000101
27.550000 0.000099
27.560000 0.000097
27.570000 0.000095
27.580000 0.000093
27.590000 0.000091
27.600000 0.000089
27.610000 0.000087
27.620000 0.000085
27.630000 0.000082
27.640000 0.000080
27.650000 0.000078
27.660000 0.000076
27.670000 0.000073
27.680000 0.000071
27.690000 0.000068
27.700000 0.000066
27.710000 0.000064
27.720000 0.000061
27.730000 0.000059
27.740000 0.000057
27.750000 0.000055
27.760000 0.000053
27.770000 0.000051
27.780000 0.000049
27.790000 0.000047
27.800000 0.000045
27.810000 0.000043
27.820000 0.000041
27.830000 0.000039
27.840000 0.000037
27.850000 0.000035
27.860000 0.000032
27.870000 0.000030
27.880000 0.000028
27.890000 0.000026
27.900000 0.000024
27.910000 0.000022
27.920000 0.000020
27.930000 0.000018
27.940000 0.000016
27.950000 0.000014
27.960000 0.000012
27.970000 0.000010
27.980000 0.000009
27.990000 0.000007
28.000000 0.000006
28.010000 0.000004
28.020000 0.000003
28.030000 0.000002
28.040000 0.000000
28.050000 -0.000001
28.060000 -0.000002
28.070000 -0.000003
28.080000 -0.000004
28.090000 -0.000005
28.100000 -0.000006
28.110000 -0.000006
28.120000 -0.000007
28.130000 -0.000008
28.140000 -0.000009
28.150000 -0.000009
28.160000 -0.000010
28.170000 -0.000011
28.180000 -0.000012
28.190000 -0.000013
28.200000 -0.000013
28.210000 -0.000014
28.220000 -0.000015
28.230000 -0.000016
28.240000 -0.000017
28.250000 -0.000017
28.260000 -0.000018
28.270000 -0.000019
28.280000 -0.000019
28.290000 -0.000020
28.300000 -0.000020
28.310000 -0.000020
28.320000 -0.000021
28.330000 -0.000021
28.340000 -0.000022
28.350000 -0.000022
28.360000 -0.000023
28.370000 -0.000023
28.380000 -0.000024
28.390000 -0.000024
28.400000 -0.000025
28.410000 -0.000025
28.420000 -0.000026
28.430000 -0.000026
28.440000 -0.000027
28.450000 -0.000028
28.460000 -0.000028
28.470000 -0.000029
28.480000 -0.000029
28.490000 -0.000029
28.500000 -0.000029
28.510000 -0.000030
28.520000 -0.000030
28.530000 -0.000029
28.540000 -0.000029
28.550000 -0.000029
28.560000 -0.000028
28.570000 -0.000028
28.580000 -0.000027
28.590000 -0.000027
28.600000 -0.000026
28.610000 -0.000026
28.620000 -0.000025
28.630000 -0.000024
28.640000 -0.000024
28.650000 -0.000023
28.660000 -0.000022
28.670000 -0.000022
28.680000 -0.000021
28.690000 -0.000021
28.700000 -0.000020
28.710000 -0.000020
28.720000 -0.000019
28.730000 -0.000019
28.740000 -0.000019
28.750000 -0.000019
28.760000 -0.000019
28.770000 -0.000019
28.780000 -0.000019
28.790000 -0.000019
28.800000 -0.000020
28.810000 -0.000020
28.820000 -0.000020
28.830000 -0.000021
28.840000 -0.000022
28.850000 -0.000023
28.860000 -0.000023
28.870000 -0.000024
28.880000 -0.000026
28.890000 -0.000027
28.900000 -0.000028
28.910000 -0.000030
28.920000 -0.000031
28.930000 -0.000033
28.940000 -0.000035
28.950000 -0.000037
28.960000 -0.000039
28.970000 -0.000041
28.980000 -0.000043
28.990000 -0.000046
29.000000 -0.000048
29.010000 -0.000051
29.020000 -0.000053
29.030000 -0.000056
29.040000 -0.000059
29.050000 -0.000062
29.060000 -0.000065
29.070000 -0.000067
29.080000 -0.000070
29.090000 -0.000073
29.100000 -0.000076
29.110000 -0.000079
29.120000 -0.000082
29.130000 -0.000085
29.140000 -0.000088
29.150000 -0.000091
29.160000 -0.000094
29.170000 -0.000097
29.180000 -0.000099
29.190000 -0.000102
29.200000 -0.000105
29.210000 -0.000108
29.220000 -0.000111
29.230000 -0.000114
29.240000 -0.000116
29.250000 -0.000119
29.260000 -0.000122
29.270000 -0.000125
29.280000 -0.000127
29.290000 -0.000130
29.300000 -0.000132
29.310000 -0.000135
29.320000 -0.000137
29.330000 -0.000139
29.340000 -0.000141
29.350000 -0.000143
29.360000 -0.000145
29.370000 -0.000147
29.380000 -0.000149
29.390000 -0.000151
29.400000 -0.000152
29.410000 -0.000154
29.420000 -0.000155
29.430000 -0.000156
29.440000 -0.000158
29.450000 -0.000159
29.460000 -0.000160
29.470000 -0.000161
29.480000 -0.000163
29.490000 -0.000164
29.500000 -0.000165
29.510000 -0.000166
29.520000 -0.000167
29.530000 -0.000168
29.540000 -0.000169
29.550000 -0.000170
29.560000 -0.000171
29.570000 -0.000172
29.580000 -0.000173
29.590000 -0.000174
29.600000 -0.000175
29.610000 -0.000176
29.620000 -0.000177
29.630000 -0.000177
29.640000 -0.000178
29.650000 -0.000179
29.660000 -0.000180
29.670000 -0.000181
29.680000 -0.000181
29.690000 -0.000182
29.700000 -0.000183
29.710000 -0.000183
29.720000 -0.000184
29.730000 -0.000184
29.740000 -0.000185
29.750000 -0.000185
29.760000 -0.000185
29.770000 -0.000185
29.780000 -0.000185
29.790000 -0.000185
29.800000 -0.000185
29.810000 -0.000185
29.820000 -0.000185
29.830000 -0.000185
29.840000 -0.000185
29.850000 -0.000185
29.860000 -0.000185
29.870000 -0.000185
29.880000 -0.000185
29.890000 -0.000185
29.900000 -0.000185
29.910000 -0.000185
29.920000 -0.000185
29.930000 -0.000185
29.940000 -0.000184
29.950000 -0.000184
29.960000 -0.000184
29.970000 -0.000184
29.980000 -0.000184
29.990000 -0.000184
30.000000 -0.000184
30.010000 -0.000184
30.020000 -0.000183
30.030000 -0.000183
30.040000 -0.000182
30.050000 -0.000182
30.060000 -0.000181
30.070000 -0.000181
30.080000 -0.000180
30.090000 -0.000179
30.100000 -0.000179
30.110000 -0.000178
30.120000 -0.000177
30.130000 -0.000176
30.140000 -0.000176
30.150000 -0.000175
30.160000 -0.000174
30.170000 -0.000174
30.180000 -0.000173
30.190000 -0.000172
30.200000 -0.000171
30.210000 -0.000171
30.220000 -0.000170
30.230000 -0.000170
30.240000 -0.000169
30.250000 -0.000168
30.260000 -0.000168
30.270000 -0.000167
30.280000 -0.000167
30.290000 -0.000167
30.300000 -0.000166
30.310000 -0.000166
30.320000 -0.000166
30.330000 -0.000165
30.340000 -0.000165
30.350000 -0.000165
30.360000 -0.000164
30.370000 -0.000164
30.380000 -0.000164
30.390000 -0.000163
30.400000 -0.000163
30.410000 -0.000163
30.420000 -0.000162
30.430000 -0.000162
30.440000 -0.000161
30.450000 -0.000161
30.460000 -0.000160
30.470000 -0.000160
30.480000 -0.000159
30.490000 -0.000159
30.500000 -0.000158
30.510000 -0.000157
30.520000 -0.000156
30.530000 -0.000155
30.540000 -0.000154
30.550000 -0.000153
30.560000 -0.000152
30.570000 -0.000151
30.580000 -0.000150
30.590000 -0.000149
30.600000 -0.000148
30.610000 -0.000146
30.620000 -0.000145
30.630000 -0.000144
30.640000 -0.000143
30.650000 -0.000142
30.660000 -0.000141
30.670000 -0.000140
30.680000 -0.000139
30.690000 -0.000138
30.700000 -0.000137
30.710000 -0.000136
30.720000 -0.000135
30.730000 -0.000134
30.740000 -0.000133
30.750000 -0.000132
30.760000 -0.000131
30.770000 -0.000130
30.780000 -0.000129
30.790000 -0.000128
30.800000 -0.000127
30.810000 -0.000126
30.820000 -0.000126
30.830000 -0.000125
30.840000 -0.000124
30.850000 -0.000123
30.860000 -0.000123
30.870000 -0.000122
30.880000 -0.000122
30.890000 -0.000122
30.900000 -0.000121
30.910000 -0.000121
30.920000 -0.000121
30.930000 -0.000121
30.940000 -0.000121
30.950000 -0.000121
30.960000 -0.000121
30.970000 -0.000121
30.980000 -0.000122
30.990000 -0.000122
31.000000 -0.000122
31.010000 -0.000123
31.020000 -0.000123
31.030000 -0.000124
31.040000 -0.000124
31.050000 -0.000124
31.060000 -0.000124
31.070000 -0.000125
31.080000 -0.000125
31.090000 -0.000125
31.100000 -0.000125
31.110000 -0.000125
31.120000 -0.000124
31.130000 -0.000124
31.140000 -0.000124
31.150000 -0.000124
31.160000 -0.000124
31.170000 -0.000124
31.180000 -0.000124
31.190000 -0.000124
31.200000 -0.000124
31.210000 -0.000124
31.220000 -0.000124
31.230000 -0.000125
31.240000 -0.000125
31.250000 -0.000125
31.260000 -0.000126
31.270000 -0.000126
31.280000 -0.000127
31.290000 -0.000128
31.300000 -0.000128
31.310000 -0.000129
31.320000 -0.000129
31.330000 -0.000130
31.340000 -0.000130
31.350000 -0.000131
31.360000 -0.000131
31.370000 -0.000132
31.380000 -0.000132
31.390000 -0.000133
31.400000 -0.000133
31.410000 -0.000133
31.420000 -0.000133
31.430000 -0.000134
31.440000 -0.000134
31.450000 -0.000134
31.460000 -0.000134
31.470000 -0.000134
31.480000 -0.000134
31.490000 -0.000134
31.500000 -0.000134
31.510000 -0.000134
31.520000 -0.000134
31.530000 -0.000133
31.540000 -0.000133
31.550000 -0.000133
31.560000 -0.000133
31.570000 -0.000132
31.580000 -0.000132
31.590000 -0.000131
31.600000 -0.000131
31.610000 -0.000130
31.620000 -0.000129
31.630000 -0.000129
31.640000 -0.000128
31.650000 -0.000127
31.660000 -0.000126
31.670000 -0.000125
31.680000 -0.000124
31.690000 -0.000123
31.700000 -0.000123
31.710000 -0.000122
31.720000 -0.000121
31.730000 -0.000120
31.740000 -0.000119
31.750000 -0.000118
31.760000 -0.000117
31.770000 -0.000116
31.780000 -0.000116
31.790000 -0.000115
31.800000 -0.000114
31.810000 -0.000114
31.820000 -0.000113
31.830000 -0.000113
31.840000 -0.000112
31.850000 -0.000112
31.860000 -0.000111
31.870000 -0.000111
31.880000 -0.000111
31.890000 -0.000110
31.900000 -0.000110
31.910000 -0.000110
31.920000 -0.000109
31.930000 -0.000109
31.940000 -0.000109
31.950000 -0.000108
31.960000 -0.000108
31.970000 -0.000108
31.980000 -0.000107
31.990000 -0.000107
32.000000 -0.000106
32.010000 -0.000106
32.020000 -0.000105
32.030000 -0.000104
32.040000 -0.000104
32.050000 -0.000103
32.060000 -0.000102
32.070000 -0.000101
32.080000 -0.000100
32.090000 -0.000099
32.100000 -0.000098
32.110000 -0.000097
32.120000 -0.000095
32.130000 -0.000094
32.140000 -0.000093
32.150000 -0.000092
32.160000 -0.000091
32.170000 -0.000089
32.180000 -0.000088
32.190000 -0.000087
32.200000 -0.000086
32.210000 -0.000086
32.220000 -0.000085
32.230000 -0.000084
32.240000 -0.000084
32.250000 -0.000083
32.260000 -0.000083
32.270000 -0.000082
32.280000 -0.000082
32.290000 -0.000082
32.300000 -0.000082
32.310000 -0.000082
32.320000 -0.000081
32.330000 -0.000081
32.340000 -0.000081
32.350000 -0.000081
32.360000 -0.000081
32.370000 -0.000080
32.380000 -0.000080
32.390000 -0.000080
32.400000 -0.000080
32.410000 -0.000079
32.420000 -0.000079
32.430000 -0.000078
32.440000 -0.000078
32.450000 -0.000077
32.460000 -0.000076
32.470000 -0.000075
32.480000 -0.000074
32.490000 -0.000073
32.500000 -0.000072
32.510000 -0.000071
32.520000 -0.000070
32.530000 -0.000069
32.540000 -0.000067
32.550000 -0.000066
32.560000 -0.000065
32.570000 -0.000063
32.580000 -0.000062
32.590000 -0.000060
32.600000 -0.000058
32.610000 -0.000057
32.620000 -0.000055
32.630000 -0.000053
32.640000 -0.000051
32.650000 -0.000049
32.660000 -0.000047
32.670000 -0.000046
32.680000 -0.000044
32.690000 -0.000042
32.700000 -0.000040
32.710000 -0.000038
32.720000 -0.000036
32.730000 -0.000034
32.740000 -0.000032
32.750000 -0.000030
32.760000 -0.000028
32.770000 -0.000026
32.780000 -0.000024
32.790000 -0.000022
32.800000 -0.000021
32.810000 -0.000019
32.820000 -0.000017
32.830000 -0.000016
32.840000 -0.000014
32.850000 -0.000013
32.860000 -0.000011
32.870000 -0.000010
32.880000 -0.000008
32.890000 -0.000007
32.900000 -0.000006
32.910000 -0.000004
32.920000 -0.000003
32.930000 -0.000002
32.940000 -0.000000
32.950000 0.000001
32.960000 0.000002
32.970000 0.000003
32.980000 0.000004
32.990000 0.000005
33.000000 0.000006
33.010000 0.000007
33.020000 0.000008
33.030000 0.000009
33.040000 0.000010
33.050000 0.000010
33.060000 0.000011
33.070000 0.000012
33.080000 0.000013
33.090000 0.000014
33.100000 0.000015
33.110000 0.000016
33.120000 0.000017
33.130000 0.000018
33.140000 0.000019
33.150000 0.000020
33.160000 0.000020
33.170000 0.000021
33.180000 0.000022
33.190000 0.000023
33.200000 0.000023
33.210000 0.000024
33.220000 0.000024
33.230000 0.000025
33.240000 0.000025
33.250000 0.000025
33.260000 0.000026
33.270000 0.000026
33.280000 0.000026
33.290000 0.000026
33.300000 0.000026
33.310000 0.000026
33.320000 0.000027
33.330000 0.000027
33.340000 0.000027
33.350000 0.000027
33.360000 0.000026
33.370000 0.000026
33.380000 0.000026
33.390000 0.000026
33.400000 0.000025
33.410000 0.000025
33.420000 0.000024
33.430000 0.000024
33.440000 0.000023
33.450000 0.000023
33.460000 0.000022
33.470000 0.000022
33.480000 0.000021
33.490000 0.000021
33.500000 0.000021
33.510000 0.000020
33.520000 0.000020
33.530000 0.000020
33.540000 0.000020
33.550000 0.000019
33.560000 0.000019
33.570000 0.000019
33.580000 0.000019
33.590000 0.000019
33.600000 0.000019
33.610000 0.000020
33.620000 0.000020
33.630000 0.000020
33.640000 0.000021
33.650000 0.000021
33.660000 0.000022
33.670000 0.000022
33.680000 0.000023
33.690000 0.000024
33.700000 0.000025
33.710000 0.000025
33.720000 0.000026
33.730000 0.000027
33.740000 0.000028
33.750000 0.000029
33.760000 0.000030
33.770000 0.000031
33.780000 0.000032
33.790000 0.000033
33.800000 0.000033
33.810000 0.000034
33.820000 0.000035
33.830000 0.000036
33.840000 0.000037
33.850000 0.000037
33.860000 0.000038
33.870000 0.000038
33.880000 0.000039
33.890000 0.000039
33.900000 0.000039
33.910000 0.000039
33.920000 0.000040
33.930000 0.000040
33.940000 0.000040
33.950000 0.000040
33.960000 0.000040
33.970000 0.000040
33.980000 0.000040
33.990000 0.000040
34.000000 0.000040
34.010000 0.000040
34.020000 0.000040
34.030000 0.000041
34.040000 0.000041
34.050000 0.000041
34.060000 0.000042
34.070000 0.000042
34.080000 0.000042
34.090000 0.000043
34.100000 0.000043
34.110000 0.000043
34.120000 0.000044
34.130000 0.000044
34.140000 0.000045
34.150000 0.000045
34.160000 0.000046
34.170000 0.000047
34.180000 0.000047
34.190000 0.000048
34.200000 0.000049
34.210000 0.000050
34.220000 0.000051
34.230000 0.000053
34.240000 0.000054
34.250000 0.000055
34.260000 0.000057
34.270000 0.000058
34.280000 0.000059
34.290000 0.000061
34.300000 0.000062
34.310000 0.000064
34.320000 0.000066
34.330000 0.000067
34.340000 0.000069
34.350000 0.000070
34.360000 0.000071
34.370000 0.000073
34.380000 0.000074
34.390000 0.000075
34.400000 0.000076
34.410000 0.000077
34.420000 0.000078
34.430000 0.000078
34.440000 0.000079
34.450000 0.000079
34.460000 0.000080
34.470000 0.000080
34.480000 0.000080
34.490000 0.000080
34.500000 0.000080
34.510000 0.000081
34.520000 0.000080
34.530000 0.000080
34.540000 0.000080
34.550000 0.000080
34.560000 0.000080
34.570000 0.000080
34.580000 0.000080
34.590000 0.000079
34.600000 0.000079
34.610000 0.000079
34.620000 0.000078
34.630000 0.000078
34.640000 0.000077
34.650000 0.000077
34.660000 0.000076
34.670000 0.000075
34.680000 0.000074
34.690000 0.000073
34.700000 0.000073
34.710000 0.000072
34.720000 0.000070
34.730000 0.000069
34.740000 0.000068
34.750000 0.000067
34.760000 0.000066
34.770000 0.000064
34.780000 0.000063
34.790000 0.000062
34.800000 0.000060
34.810000 0.000059
34.820000 0.000057
34.830000 0.000055
34.840000 0.000054
34.850000 0.000052
34.860000 0.000050
34.870000 0.000048
34.880000 0.000046
34.890000 0.000045
34.900000 0.000043
34.910000 0.000040
34.920000 0.000038
34.930000 0.000036
34.940000 0.000034
34.950000 0.000032
34.960000 0.000030
34.970000 0.000027
34.980000 0.000025
34.990000 0.000023
35.000000 0.000020
35.010000 0.000018
35.020000 0.000015
35.030000 0.000012
35.040000 0.000010
35.050000 0.000007
35.060000 0.000004
35.070000 0.000001
35.080000 -0.000002
35.090000 -0.000005
35.100000 -0.000008
35.110000 -0.000011
35.120000 -0.000015
35.130000 -0.000018
35.140000 -0.000022
35.150000 -0.000025
35.160000 -0.000029
35.170000 -0.000032
35.180000 -0.000036
35.190000 -0.000040
35.200000 -0.000044
35.210000 -0.000048
35.220000 -0.000052
35.230000 -0.000055
35.240000 -0.000059
35.250000 -0.000063
35.260000 -0.000067
35.270000 -0.000071
35.280000 -0.000075
35.290000 -0.000078
35.300000 -0.000082
35.310000 -0.000086
35.320000 -0.000089
35.330000 -0.000093
35.340000 -0.000096
35.350000 -0.000100
35.360000 -0.000103
35.370000 -0.000107
35.380000 -0.000110
35.390000 -0.000114
35.400000 -0.000117
35.410000 -0.000121
35.420000 -0.000124
35.430000 -0.000128
35.440000 -0.000131
35.450000 -0.000135
35.460000 -0.000138
35.470000 -0.000142
35.480000 -0.000145
35.490000 -0.000149
35.500000 -0.000152
35.510000 -0.000156
35.520000 -0.000159
35.530000 -0.000163
35.540000 -0.000167
35.550000 -0.000170
35.560000 -0.000174
35.570000 -0.000177
35.580000 -0.000180
35.590000 -0.000183
35.600000 -0.000187
35.610000 -0.000190
35.620000 -0.000193
35.630000 -0.000196
35.640000 -0.000199
35.650000 -0.000202
35.660000 -0.000204
35.670000 -0.000207
35.680000 -0.000210
35.690000 -0.000213
35.700000 -0.000216
35.710000 -0.000219
35.720000 -0.000222
35.730000 -0.000224
35.740000 -0.000227
35.750000 -0.000230
35.760000 -0.000233
35.770000 -0.000235
35.780000 -0.000238
35.790000 -0.000240
35.800000 -0.000243
35.810000 -0.000245
35.820000 -0.000248
35.830000 -0.000250
35.840000 -0.000252
35.850000 -0.000254
35.860000 -0.000256
35.870000 -0.000258
35.880000 -0.000260
35.890000 -0.000262
35.900000 -0.000264
35.910000 -0.000266
35.920000 -0.000268
35.930000 -0.000270
35.940000 -0.000271
35.950000 -0.000273
35.960000 -0.000275
35.970000 -0.000276
35.980000 -0.000278
35.990000 -0.000280
36.000000 -0.000281
36.010000 -0.000283
36.020000 -0.000284
36.030000 -0.000285
36.040000 -0.000286
36.050000 -0.000288
36.060000 -0.000289
36.070000 -0.000290
36.080000 -0.000291
36.090000 -0.000291
36.100000 -0.000292
36.110000 -0.000292
36.120000 -0.000293
36.130000 -0.000293
36.140000 -0.000293
36.150000 -0.000294
36.160000 -0.000294
36.170000 -0.000294
36.180000 -0.000294
36.190000 -0.000294
36.200000 -0.000294
36.210000 -0.000294
36.220000 -0.000294
36.230000 -0.000294
36.240000 -0.000294
36.250000 -0.000293
36.260000 -0.000293
36.270000 -0.000293
36.280000 -0.000293
36.290000 -0.000293
36.300000 -0.000292
36.310000 -0.000292
36.320000 -0.000291
36.330000 -0.000291
36.340000 -0.000290
36.350000 -0.000289
36.360000 -0.000289
36.370000 -0.000288
36.380000 -0.000287
36.390000 -0.000286
36.400000 -0.000285
36.410000 -0.000283
36.420000 -0.000282
36.430000 -0.000281
36.440000 -0.000279
36.450000 -0.000278
36.460000 -0.000276
36.470000 -0.000275
36.480000 -0.000273
36.490000 -0.000272
36.500000 -0.000270
36.510000 -0.000268
36.520000 -0.000267
36.530000 -0.000265
36.540000 -0.000264
36.550000 -0.000262
36.560000 -0.000260
36.570000 -0.000259
36.580000 -0.000257
36.590000 -0.000255
36.600000 -0.000254
36.610000 -0.000252
36.620000 -0.000250
36.630000 -0.000248
36.640000 -0.000246
36.650000 -0.000244
36.660000 -0.000242
36.670000 -0.000240
36.680000 -0.000238
36.690000 -0.000235
36.700000 -0.000233
36.710000 -0.000231
36.720000 -0.000228
36.730000 -0.000225
36.740000 -0.000222
36.750000 -0.000220
36.760000 -0.000217
36.770000 -0.000214
36.780000 -0.000211
36.790000 -0.000208
36.800000 -0.000205
36.810000 -0.000202
36.820000 -0.000199
36.830000 -0.000196
36.840000 -0.000193
36.850000 -0.000190
36.860000 -0.000187
36.870000 -0.000184
36.880000 -0.000181
36.890000 -0.000178
36.900000 -0.000175
36.910000 -0.000173
36.920000 -0.000170
36.930000 -0.000167
36.940000 -0.000164
36.950000 -0.000162
36.960000 -0.000159
36.970000 -0.000157
36.980000 -0.000154
36.990000 -0.000152
37.000000 -0.000149
37.010000 -0.000147
37.020000 -0.000145
37.030000 -0.000142
37.040000 -0.000140
37.050000 -0.000138
37.060000 -0.000136
37.070000 -0.000134
37.080000 -0.000132
37.090000 -0.000130
37.100000 -0.000129
37.110000 -0.000127
37.120000 -0.000125
37.130000 -0.000124
37.140000 -0.000122
37.150000 -0.000120
37.160000 -0.000119
37.170000 -0.000117
37.180000 -0.000116
37.190000 -0.000114
37.200000 -0.000112
37.210000 -0.000111
37.220000 -0.000109
37.230000 -0.000108
37.240000 -0.000106
37.250000 -0.000105
37.260000 -0.000103
37.270000 -0.000102
37.280000 -0.000101
37.290000 -0.000100
37.300000 -0.000098
37.310000 -0.000097
37.320000 -0.000096
37.330000 -0.000095
37.340000 -0.000094
37.350000 -0.000093
37.360000 -0.000092
37.370000 -0.000091
37.380000 -0.000090
37.390000 -0.000089
37.400000 -0.000087
37.410000 -0.000086
37.420000 -0.000085
37.430000 -0.000083
37.440000 -0.000082
37.450000 -0.000081
37.460000 -0.000079
37.470000 -0.000078
37.480000 -0.000076
37.490000 -0.000074
37.500000 -0.000072
37.510000 -0.000071
37.520000 -0.000069
37.530000 -0.000067
37.540000 -0.000065
37.550000 -0.000063
37.560000 -0.000060
37.570000 -0.000058
37.580000 -0.000056
37.590000 -0.000054
37.600000 -0.000052
37.610000 -0.000049
37.620000 -0.000047
37.630000 -0.000045
37.640000 -0.000043
37.650000 -0.000040
37.660000 -0.000038
37.670000 -0.000036
37.680000 -0.000033
37.690000 -0.000031
37.700000 -0.000028
37.710000 -0.000026
37.720000 -0.000023
37.730000 -0.000021
37.740000 -0.000018
37.750000 -0.000015
37.760000 -0.000013
37.770000 -0.000010
37.780000 -0.000007
37.790000 -0.000005
37.800000 -0.000002
37.810000 0.000001
37.820000 0.000003
37.830000 0.000006
37.840000 0.000009
37.850000 0.000011
37.860000 0.000014
37.870000 0.000017
37.880000 0.000019
37.890000 0.000022
37.900000 0.000025
37.910000 0.000027
37.920000 0.000030
37.930000 0.000032
37.940000 0.000034
37.950000 0.000037
37.960000 0.000039
37.970000 0.000041
37.980000 0.000043
37.990000 0.000045
38.000000 0.000047
38.010000 0.000049
38.020000 0.000051
38.030000 0.000053
38.040000 0.000055
38.050000 0.000057
38.060000 0.000059
38.070000 0.000060
38.080000 0.000062
38.090000 0.000063
38.100000 0.000065
38.110000 0.000067
38.120000 0.000068
38.130000 0.000070
38.140000 0.000071
38.150000 0.000073
38.160000 0.000074
38.170000 0.000075
38.180000 0.000077
38.190000 0.000078
38.200000 0.000080
38.210000 0.000081
38.220000 0.000083
38.230000 0.000084
38.240000 0.000086
38.250000 0.000087
38.260000 0.000089
38.270000 0.000090
38.280000 0.000092
38.290000 0.000093
38.300000 0.000095
38.310000 0.000096
38.320000 0.000098
38.330000 0.000099
38.340000 0.000101
38.350000 0.000102
38.360000 0.000103
38.370000 0.000104
38.380000 0.000106
38.390000 0.000107
38.400000 0.000108
38.410000 0.000109
38.420000 0.000110
38.430000 0.000111
38.440000 0.000111
38.450000 0.000112
38.460000 0.000112
38.470000 0.000113
38.480000 0.000113
38.490000 0.000114
38.500000 0.000114
38.510000 0.000114
38.520000 0.000114
38.530000 0.000114
38.540000 0.000114
38.550000 0.000114
38.560000 0.000114
38.570000 0.000114
38.580000 0.000114
38.590000 0.000114
38.600000 0.000114
38.610000 0.000114
38.620000 0.000114
38.630000 0.000114
38.640000 0.000114
38.650000 0.000114
38.660000 0.000114
38.670000 0.000114
38.680000 0.000114
38.690000 0.000114
38.700000 0.000114
38.710000 0.000114
38.720000 0.000114
38.730000 0.000114
38.740000 0.000114
38.750000 0.000114
38.760000 0.000114
38.770000 0.000114
38.780000 0.000114
38.790000 0.000114
38.800000 0.000114
38.810000 0.000114
38.820000 0.000114
38.830000 0.000114
38.840000 0.000113
38.850000 0.000113
38.860000 0.000113
38.870000 0.000113
38.880000 0.000113
38.890000 0.000112
38.900000 0.000112
38.910000 0.000112
38.920000 0.000112
38.930000 0.000111
38.940000 0.000111
38.950000 0.000111
38.960000 0.000111
38.970000 0.000110
38.980000 0.000110
38.990000 0.000110
39.000000 0.000110
39.010000 0.000110
39.020000 0.000110
39.030000 0.000110
39.040000 0.000109
39.050000 0.000109
39.060000 0.000109
39.070000 0.000109
39.080000 0.000109
39.090000 0.000109
39.100000 0.000109
39.110000 0.000109
39.120000 0.000109
39.130000 0.000109
39.140000 0.000109
39.150000 0.000109
39.160000 0.000109
39.170000 0.000109
39.180000 0.000109
39.190000 0.000109
39.200000 0.000108
39.210000 0.000108
39.220000 0.000108
39.230000 0.000108
39.240000 0.000108
39.250000 0.000109
39.260000 0.000109
39.270000 0.000109
39.280000 0.000109
39.290000 0.000110
39.300000 0.000110
39.310000 0.000111
39.320000 0.000111
39.330000 0.000112
39.340000 0.000112
39.350000 0.000113
39.360000 0.000113
39.370000 0.000114
39.380000 0.000114
39.390000 0.000115
39.400000 0.000115
39.410000 0.000116
39.420000 0.000116
39.430000 0.000117
39.440000 0.000117
39.450000 0.000117
39.460000 0.000117
39.470000 0.000118
39.480000 0.000118
39.490000 0.000118
39.500000 0.000118
39.510000 0.000118
39.520000 0.000118
39.530000 0.000117
39.540000 0.000117
39.550000 0.000117
39.560000 0.000117
39.570000 0.000116
39.580000 0.000116
39.590000 0.000116
39.600000 0.000115
39.610000 0.000115
39.620000 0.000115
39.630000 0.000114
39.640000 0.000114
39.650000 0.000114
39.660000 0.000113
39.670000 0.000113
39.680000 0.000112
39.690000 0.000112
39.700000 0.000111
39.710000 0.000111
39.720000 0.000110
39.730000 0.000110
39.740000 0.000109
39.750000 0.000108
39.760000 0.000108
39.770000 0.000107
39.780000 0.000106
39.790000 0.000105
39.800000 0.000104
39.810000 0.000103
39.820000 0.000101
39.830000 0.000100
39.840000 0.000099
39.850000 0.000098
39.860000 0.000096
39.870000 0.000095
39.880000 0.000093
39.890000 0.000092
39.900000 0.000090
39.910000 0.000088
39.920000 0.000087
39.930000 0.000085
39.940000 0.000083
39.950000 0.000081
39.960000 0.000079
39.970000 0.000077
39.980000 0.000075
39.990000 0.000073
40.000000 0.000071
40.010000 0.000069
40.020000 0.000067
40.030000 0.000065
40.040000 0.000063
40.050000 0.000060
40.060000 0.000058
40.070000 0.000056
40.080000 0.000054
40.090000 0.000052
40.100000 0.000050
40.110000 0.000047
40.120000 0.000045
40.130000 0.000043
40.140000 0.000041
40.150000 0.000039
40.160000 0.000037
40.170000 0.000035
40.180000 0.000033
40.190000 0.000031
40.200000 0.000029
40.210000 0.000027
40.220000 0.000025
40.230000 0.000023
40.240000 0.000021
40.250000 0.000019
40.260000 0.000017
40.270000 0.000016
40.280000 0.000014
40.290000 0.000012
40.300000 0.000010
40.310000 0.000008
40.320000 0.000006
40.330000 0.000004
40.340000 0.000002
40.350000 -0.000001
40.360000 -0.000003
40.370000 -0.000005
40.380000 -0.000007
40.390000 -0.000010
40.400000 -0.000012
40.410000 -0.000014
40.420000 -0.000017
40.430000 -0.000019
40.440000 -0.000022
40.450000 -0.000024
40.460000 -0.000027
40.470000 -0.000029
40.480000 -0.000032
40.490000 -0.000035
40.500000 -0.000037
40.510000 -0.000040
40.520000 -0.000042
40.530000 -0.000045
40.540000 -0.000047
40.550000 -0.000050
40.560000 -0.000052
40.570000 -0.000055
40.580000 -0.000057
40.590000 -0.000060
40.600000 -0.000062
40.610000 -0.000065
40.620000 -0.000067
40.630000 -0.000070
40.640000 -0.000072
40.650000 -0.000075
40.660000 -0.000077
40.670000 -0.000079
40.680000 -0.000082
40.690000 -0.000084
40.700000 -0.000086
40.710000 -0.000088
40.720000 -0.000090
40.730000 -0.000092
40.740000 -0.000093
40.750000 -0.000095
40.760000 -0.000096
40.770000 -0.000098
40.780000 -0.000099
40.790000 -0.000100
40.800000 -0.000101
40.810000 -0.000102
40.820000 -0.000104
40.830000 -0.000105
40.840000 -0.000105
40.850000 -0.000106
40.860000 -0.000107
40.870000 -0.000108
40.880000 -0.000109
40.890000 -0.000110
40.900000 -0.000111
40.910000 -0.000111
40.920000 -0.000112
40.930000 -0.000112
40.940000 -0.000113
40.950000 -0.000113
40.960000 -0.000113
40.970000 -0.000114
40.980000 -0.000114
40.990000 -0.000114
41.000000 -0.000114
41.010000 -0.000113
41.020000 -0.000113
41.030000 -0.000113
41.040000 -0.000112
41.050000 -0.000112
41.060000 -0.000111
41.070000 -0.000111
41.080000 -0.000110
41.090000 -0.000110
41.100000 -0.000109
41.110000 -0.000109
41.120000 -0.000108
41.130000 -0.000108
41.140000 -0.000107
41.150000 -0.000107
41.160000 -0.000106
41.170000 -0.000106
41.180000 -0.000105
41.190000 -0.000105
41.200000 -0.000105
41.210000 -0.000104
41.220000 -0.000104
41.230000 -0.000104
41.240000 -0.000104
41.250000 -0.000104
41.260000 -0.000104
41.270000 -0.000104
41.280000 -0.000104
41.290000 -0.000104
41.300000 -0.000104
41.310000 -0.000104
41.320000 -0.000104
41.330000 -0.000105
41.340000 -0.000105
41.350000 -0.000105
41.360000 -0.000105
41.370000 -0.000106
41.380000 -0.000106
41.390000 -0.000106
41.400000 -0.000107
41.410000 -0.000107
41.420000 -0.000107
41.430000 -0.000108
41.440000 -0.000108
41.450000 -0.000108
41.460000 -0.000109
41.470000 -0.000109
41.480000 -0.000109
41.490000 -0.000109
41.500000 -0.000110
41.510000 -0.000110
41.520000 -0.000110
41.530000 -0.000110
41.540000 -0.000110
41.550000 -0.000110
41.560000 -0.000110
41.570000 -0.000110
41.580000 -0.000110
41.590000 -0.000110
41.600000 -0.000110
41.610000 -0.000111
41.620000 -0.000111
41.630000 -0.000111
41.640000 -0.000111
41.650000 -0.000111
41.660000 -0.000112
41.670000 -0.000112
41.680000 -0.000112
41.690000 -0.000113
41.700000 -0.000113
41.710000 -0.000113
41.720000 -0.000114
41.730000 -0.000114
41.740000 -0.000114
41.750000 -0.000115
41.760000 -0.000115
41.770000 -0.000115
41.780000 -0.000116
41.790000 -0.000116
41.800000 -0.000116
41.810000 -0.000116
41.820000 -0.000117
41.830000 -0.000117
41.840000 -0.000117
41.850000 -0.000117
41.860000 -0.000117
41.870000 -0.000118
41.880000 -0.000118
41.890000 -0.000118
41.900000 -0.000118
41.910000 -0.000118
41.920000 -0.000118
41.930000 -0.000118
41.940000 -0.000119
41.950000 -0.000119
41.960000 -0.000119
41.970000 -0.000119
41.980000 -0.000119
41.990000 -0.000119
42.000000 -0.000119
42.010000 -0.000119
42.020000 -0.000119
42.030000 -0.000119
42.040000 -0.000120
42.050000 -0.000120
42.060000 -0.000120
42.070000 -0.000120
42.080000 -0.000120
42.090000 -0.000120
42.100000 -0.000120
42.110000 -0.000120
42.120000 -0.000120
42.130000 -0.000120
42.140000 -0.000120
42.150000 -0.000120
42.160000 -0.000120
42.170000 -0.000120
42.180000 -0.000120
42.190000 -0.000121
42.200000 -0.000121
42.210000 -0.000121
42.220000 -0.000121
42.230000 -0.000122
42.240000 -0.000122
42.250000 -0.000123
42.260000 -0.000123
42.270000 -0.000124
42.280000 -0.000125
42.290000 -0.000126
42.300000 -0.000126
42.310000 -0.000127
42.320000 -0.000129
42.330000 -0.000130
42.340000 -0.000131
42.350000 -0.000132
42.360000 -0.000133
42.370000 -0.000135
42.380000 -0.000136
42.390000 -0.000138
42.400000 -0.000139
42.410000 -0.000140
42.420000 -0.000142
42.430000 -0.000143
42.440000 -0.000145
42.450000 -0.000146
42.460000 -0.000148
42.470000 -0.000150
42.480000 -0.000151
42.490000 -0.000153
42.500000 -0.000154
42.510000 -0.000156
42.520000 -0.000158
42.530000 -0.000160
42.540000 -0.000161
42.550000 -0.000163
42.560000 -0.000165
42.570000 -0.000167
42.580000 -0.000169
42.590000 -0.000171
42.600000 -0.000173
42.610000 -0.000175
42.620000 -0.000177
42.630000 -0.000180
42.640000 -0.000182
42.650000 -0.000184
42.660000 -0.000186
42.670000 -0.000188
42.680000 -0.000190
42.690000 -0.000192
42.700000 -0.000194
42.710000 -0.000196
42.720000 -0.000198
42.730000 -0.000199
42.740000 -0.000201
42.750000 -0.000203
42.760000 -0.000205
42.770000 -0.000207
42.780000 -0.000209
42.790000 -0.000211
42.800000 -0.000213
42.810000 -0.000215
42.820000 -0.000217
42.830000 -0.000219
42.840000 -0.000221
42.850000 -0.000223
42.860000 -0.000225
42.870000 -0.000227
42.880000 -0.000230
42.890000 -0.000232
42.900000 -0.000234
42.910000 -0.000237
42.920000 -0.000239
42.930000 -0.000242
42.940000 -0.000244
42.950000 -0.000247
42.960000 -0.000249
42.970000 -0.000252
42.980000 -0.000254
42.990000 -0.000257
43.000000 -0.000259
43.010000 -0.000262
43.020000 -0.000264
43.030000 -0.000267
43.040000 -0.000269
43.050000 -0.000272
43.060000 -0.000274
43.070000 -0.000276
43.080000 -0.000279
43.090000 -0.000281
43.100000 -0.000283
43.110000 -0.000286
43.120000 -0.000288
43.130000 -0.000290
43.140000 -0.000292
43.150000 -0.000294
43.160000 -0.000296
43.170000 -0.000298
43.180000 -0.000301
43.190000 -0.000303
43.200000 -0.000305
43.210000 -0.000307
43.220000 -0.000310
43.230000 -0.000312
43.240000 -0.000314
43.250000 -0.000317
43.260000 -0.000319
43.270000 -0.000322
43.280000 -0.000324
43.290000 -0.000327
43.300000 -0.000329
43.310000 -0.000331
43.320000 -0.000334
43.330000 -0.000336
43.340000 -0.000338
43.350000 -0.000340
43.360000 -0.000343
43.370000 -0.000345
43.380000 -0.000347
43.390000 -0.000348
43.400000 -0.000350
43.410000 -0.000352
43.420000 -0.000353
43.430000 -0.000355
43.440000 -0.000356
43.450000 -0.000357
43.460000 -0.000358
43.470000 -0.000359
43.480000 -0.000360
43.490000 -0.000361
43.500000 -0.000362
43.510000 -0.000363
43.520000 -0.000364
43.530000 -0.000365
43.540000 -0.000366
43.550000 -0.000367
43.560000 -0.000368
43.570000 -0.000369
43.580000 -0.000369
43.590000 -0.000370
43.600000 -0.000371
43.610000 -0.000372
43.620000 -0.000373
43.630000 -0.000373
43.640000 -0.000374
43.650000 -0.000375
43.660000 -0.000375
43.670000 -0.000376
43.680000 -0.000377
43.690000 -0.000377
43.700000 -0.000378
43.710000 -0.000378
43.720000 -0.000379
43.730000 -0.000379
43.740000 -0.000380
43.750000 -0.000380
43.760000 -0.000380
43.770000 -0.000380
43.780000 -0.000380
43.790000 -0.000380
43.800000 -0.000380
43.810000 -0.000380
43.820000 -0.000380
43.830000 -0.000379
43.840000 -0.000379
43.850000 -0.000378
43.860000 -0.000378
43.870000 -0.000377
43.880000 -0.000376
43.890000 -0.000375
43.900000 -0.000374
43.910000 -0.000373
43.920000 -0.000372
43.930000 -0.000371
43.940000 -0.000369
43.950000 -0.000368
43.960000 -0.000367
43.970000 -0.000366
43.980000 -0.000364
43.990000 -0.000363
44.000000 -0.000362
44.010000 -0.000361
44.020000 -0.000359
44.030000 -0.000358
44.040000 -0.000357
44.050000 -0.000356
44.060000 -0.000355
44.070000 -0.000353
44.080000 -0.000352
44.090000 -0.000351
44.100000 -0.000350
44.110000 -0.000349
44.120000 -0.000349
44.130000 -0.000348
44.140000 -0.000347
44.150000 -0.000347
44.160000 -0.000346
44.170000 -0.000345
44.180000 -0.000345
44.190000 -0.000344
44.200000 -0.000343
44.210000 -0.000343
44.220000 -0.000342
44.230000 -0.000342
44.240000 -0.000341
44.250000 -0.000341
44.260000 -0.000341
44.270000 -0.000340
44.280000 -0.000340
44.290000 -0.000340
44.300000 -0.000339
44.310000 -0.000339
44.320000 -0.000339
44.330000 -0.000339
44.340000 -0.000338
44.350000 -0.000338
44.360000 -0.000338
44.370000 -0.000338
44.380000 -0.000338
44.390000 -0.000337
44.400000 -0.000337
44.410000 -0.000337
44.420000 -0.000337
44.430000 -0.000337
44.440000 -0.000338
44.450000 -0.000338
44.460000 -0.000338
44.470000 -0.000338
44.480000 -0.000338
44.490000 -0.000338
44.500000 -0.000339
44.510000 -0.000339
44.520000 -0.000339
44.530000 -0.000339
44.540000 -0.000340
44.550000 -0.000340
44.560000 -0.000340
44.570000 -0.000340
44.580000 -0.000340
44.590000 -0.000340
44.600000 -0.000339
44.610000 -0.000339
44.620000 -0.000339
44.630000 -0.000339
44.640000 -0.000338
44.650000 -0.000338
44.660000 -0.000337
44.670000 -0.000337
44.680000 -0.000336
44.690000 -0.000336
44.700000 -0.000335
44.710000 -0.000335
44.720000 -0.000334
44.730000 -0.000334
44.740000 -0.000333
44.750000 -0.000332
44.760000 -0.000332
44.770000 -0.000331
44.780000 -0.000331
44.790000 -0.000330
44.800000 -0.000330
44.810000 -0.000330
44.820000 -0.000329
44.830000 -0.000329
44.840000 -0.000329
44.850000 -0.000328
44.860000 -0.000328
44.870000 -0.000328
44.880000 -0.000327
44.890000 -0.000327
44.900000 -0.000327
44.910000 -0.000326
44.920000 -0.000325
44.930000 -0.000325
44.940000 -0.000324
44.950000 -0.000323
44.960000 -0.000323
44.970000 -0.000322
44.980000 -0.000321
44.990000 -0.000320
45.000000 -0.000320
45.010000 -0.000319
45.020000 -0.000318
45.030000 -0.000318
45.040000 -0.000317
45.050000 -0.000316
45.060000 -0.000316
45.070000 -0.000315
45.080000 -0.000315
45.090000 -0.000314
45.100000 -0.000314
45.110000 -0.000313
45.120000 -0.000313
45.130000 -0.000313
45.140000 -0.000312
45.150000 -0.000312
45.160000 -0.000312
45.170000 -0.000312
45.180000 -0.000312
45.190000 -0.000312
45.200000 -0.000312
45.210000 -0.000313
45.220000 -0.000313
45.230000 -0.000313
45.240000 -0.000314
45.250000 -0.000314
45.260000 -0.000315
45.270000 -0.000315
45.280000 -0.000316
45.290000 -0.000316
45.300000 -0.000317
45.310000 -0.000317
45.320000 -0.000318
45.330000 -0.000318
45.340000 -0.000318
45.350000 -0.000319
45.360000 -0.000319
45.370000 -0.000320
45.380000 -0.000320
45.390000 -0.000320
45.400000 -0.000321
45.410000 -0.000321
45.420000 -0.000321
45.430000 -0.000321
45.440000 -0.000321
45.450000 -0.000321
45.460000 -0.000321
45.470000 -0.000321
45.480000 -0.000322
45.490000 -0.000322
45.500000 -0.000322
45.510000 -0.000322
45.520000 -0.000322
45.530000 -0.000322
45.540000 -0.000323
45.550000 -0.000323
45.560000 -0.000323
45.570000 -0.000323
45.580000 -0.000324
45.590000 -0.000324
45.600000 -0.000324
45.610000 -0.000324
45.620000 -0.000325
45.630000 -0.000325
45.640000 -0.000325
45.650000 -0.000325
45.660000 -0.000326
45.670000 -0.000326
45.680000 -0.000326
45.690000 -0.000326
45.700000 -0.000327
45.710000 -0.000327
45.720000 -0.000327
45.730000 -0.000327
45.740000 -0.000327
45.750000 -0.000327
45.760000 -0.000326
45.770000 -0.000326
45.780000 -0.000325
45.790000 -0.000325
45.800000 -0.000324
45.810000 -0.000323
45.820000 -0.000322
45.830000 -0.000321
45.840000 -0.000320
45.850000 -0.000319
45.860000 -0.000318
45.870000 -0.000317
45.880000 -0.000316
45.890000 -0.000315
45.900000 -0.000313
45.910000 -0.000312
45.920000 -0.000311
45.930000 -0.000309
45.940000 -0.000308
45.950000 -0.000307
45.960000 -0.000305
45.970000 -0.000304
45.980000 -0.000303
45.990000 -0.000302
46.000000 -0.000300
46.010000 -0.000299
46.020000 -0.000298
46.030000 -0.000297
46.040000 -0.000296
46.050000 -0.000295
46.060000 -0.000294
46.070000 -0.000293
46.080000 -0.000292
46.090000 -0.000291
46.100000 -0.000291
46.110000 -0.000290
46.120000 -0.000289
46.130000 -0.000288
46.140000 -0.000287
46.150000 -0.000286
46.160000 -0.000286
46.170000 -0.000285
46.180000 -0.000284
46.190000 -0.000283
46.200000 -0.000282
46.210000 -0.000281
46.220000 -0.000280
46.230000 -0.000279
46.240000 -0.000278
46.250000 -0.000278
46.260000 -0.000277
46.270000 -0.000276
46.280000 -0.000275
46.290000 -0.000274
46.300000 -0.000273
46.310000 -0.000272
46.320000 -0.000271
46.330000 -0.000270
46.340000 -0.000269
46.350000 -0.000268
46.360000 -0.000267
46.370000 -0.000266
46.380000 -0.000265
46.390000 -0.000264
46.400000 -0.000263
46.410000 -0.000262
46.420000 -0.000261
46.430000 -0.000259
46.440000 -0.000258
46.450000 -0.000257
46.460000 -0.000256
46.470000 -0.000254
46.480000 -0.000253
46.490000 -0.000251
46.500000 -0.000250
46.510000 -0.000248
46.520000 -0.000246
46.530000 -0.000245
46.540000 -0.000243
46.550000 -0.000241
46.560000 -0.000239
46.570000 -0.000238
46.580000 -0.000236
46.590000 -0.000235
46.600000 -0.000233
46.610000 -0.000232
46.620000 -0.000231
46.630000 -0.000229
46.640000 -0.000228
46.650000 -0.000227
46.660000 -0.000226
46.670000 -0.000225
46.680000 -0.000225
46.690000 -0.000224
46.700000 -0.000223
46.710000 -0.000222
46.720000 -0.000221
46.730000 -0.000221
46.740000 -0.000220
46.750000 -0.000219
46.760000 -0.000218
46.770000 -0.000217
46.780000 -0.000217
46.790000 -0.000216
46.800000 -0.000215
46.810000 -0.000214
46.820000 -0.000213
46.830000 -0.000212
46.840000 -0.000211
46.850000 -0.000210
46.860000 -0.000209
46.870000 -0.000208
46.880000 -0.000207
46.890000 -0.000206
46.900000 -0.000205
46.910000 -0.000204
46.920000 -0.000203
46.930000 -0.000202
46.940000 -0.000202
46.950000 -0.000201
46.960000 -0.000200
46.970000 -0.000200
46.980000 -0.000199
46.990000 -0.000199
47.000000 -0.000198
47.010000 -0.000198
47.020000 -0.000197
47.030000 -0.000197
47.040000 -0.000196
47.050000 -0.000196
47.060000 -0.000195
47.070000 -0.000195
47.080000 -0.000194
47.090000 -0.000194
47.100000 -0.000193
47.110000 -0.000193
47.120000 -0.000192
47.130000 -0.000191
47.140000 -0.000191
47.150000 -0.000190
47.160000 -0.000190
47.170000 -0.000189
47.180000 -0.000189
47.190000 -0.000188
47.200000 -0.000188
47.210000 -0.000188
47.220000 -0.000187
47.230000 -0.000187
47.240000 -0.000187
47.250000 -0.000187
47.260000 -0.000186
47.270000 -0.000186
47.280000 -0.000186
47.290000 -0.000186
47.300000 -0.000186
47.310000 -0.000186
47.320000 -0.000186
47.330000 -0.000185
47.340000 -0.000185
47.350000 -0.000185
47.360000 -0.000185
47.370000 -0.000185
47.380000 -0.000185
47.390000 -0.000185
47.400000 -0.000185
47.410000 -0.000185
47.420000 -0.000185
47.430000 -0.000184
47.440000 -0.000184
47.450000 -0.000183
47.460000 -0.000183
47.470000 -0.000182
47.480000 -0.000181
47.490000 -0.000180
47.500000 -0.000179
47.510000 -0.000178
47.520000 -0.000177
47.530000 -0.000176
47.540000 -0.000175
47.550000 -0.000174
47.560000 -0.000172
47.570000 -0.000171
47.580000 -0.000170
47.590000 -0.000168
47.600000 -0.000166
47.610000 -0.000165
47.620000 -0.000163
47.630000 -0.000161
47.640000 -0.000160
47.650000 -0.000158
47.660000 -0.000156
47.670000 -0.000154
47.680000 -0.000152
47.690000 -0.000150
47.700000 -0.000148
47.710000 -0.000146
47.720000 -0.000144
47.730000 -0.000142
47.740000 -0.000140
47.750000 -0.000138
47.760000 -0.000136
47.770000 -0.000133
47.780000 -0.000131
47.790000 -0.000129
47.800000 -0.000127
47.810000 -0.000125
47.820000 -0.000123
47.830000 -0.000121
47.840000 -0.000119
47.850000 -0.000117
47.860000 -0.000115
47.870000 -0.000113
47.880000 -0.000111
47.890000 -0.000109
47.900000 -0.000108
47.910000 -0.000106
47.920000 -0.000105
47.930000 -0.000103
47.940000 -0.000102
47.950000 -0.000101
47.960000 -0.000099
47.970000 -0.000098
47.980000 -0.000097
47.990000 -0.000095
48.000000 -0.000094
48.010000 -0.000092
48.020000 -0.000091
48.030000 -0.000089
48.040000 -0.000087
48.050000 -0.000085
48.060000 -0.000083
48.070000 -0.000081
48.080000 -0.000079
48.090000 -0.000076
48.100000 -0.000074
48.110000 -0.000071
48.120000 -0.000069
48.130000 -0.000066
48.140000 -0.000064
48.150000 -0.000061
48.160000 -0.000059
48.170000 -0.000056
48.180000 -0.000053
48.190000 -0.000051
48.200000 -0.000048
48.210000 -0.000046
48.220000 -0.000043
48.230000 -0.000041
48.240000 -0.000039
48.250000 -0.000036
48.260000 -0.000034
48.270000 -0.000032
48.280000 -0.000030
48.290000 -0.000028
48.300000 -0.000026
48.310000 -0.000024
48.320000 -0.000021
48.330000 -0.000019
48.340000 -0.000018
48.350000 -0.000016
48.360000 -0.000014
48.370000 -0.000012
48.380000 -0.000010
48.390000 -0.000008
48.400000 -0.000006
48.410000 -0.000003
48.420000 -0.000001
48.430000 0.000001
48.440000 0.000003
48.450000 0.000006
48.460000 0.000008
48.470000 0.000011
48.480000 0.000013
48.490000 0.000016
48.500000 0.000019
48.510000 0.000022
48.520000 0.000025
48.530000 0.000028
48.540000 0.000031
48.550000 0.000034
48.560000 0.000037
48.570000 0.000041
48.580000 0.000044
48.590000 0.000047
48.600000 0.000051
48.610000 0.000054
48.620000 0.000057
48.630000 0.000061
48.640000 0.000064
48.650000 0.000067
48.660000 0.000070
48.670000 0.000074
48.680000 0.000077
48.690000 0.000081
48.700000 0.000084
48.710000 0.000087
48.720000 0.000091
48.730000 0.000094
48.740000 0.000097
48.750000 0.000101
48.760000 0.000104
48.770000 0.000108
48.780000 0.000111
48.790000 0.000114
48.800000 0.000118
48.810000 0.000121
48.820000 0.000124
48.830000 0.000127
48.840000 0.000131
48.850000 0.000134
48.860000 0.000137
48.870000 0.000140
48.880000 0.000143
48.890000 0.000146
48.900000 0.000149
48.910000 0.000152
48.920000 0.000155
48.930000 0.000157
48.940000 0.000160
48.950000 0.000162
48.960000 0.000165
48.970000 0.000167
48.980000 0.000169
48.990000 0.000171
49.000000 0.000174
49.010000 0.000176
49.020000 0.000178
49.030000 0.000180
49.040000 0.000182
49.050000 0.000184
49.060000 0.000186
49.070000 0.000188
49.080000 0.000190
49.090000 0.000191
49.100000 0.000193
49.110000 0.000195
49.120000 0.000196
49.130000 0.000198
49.140000 0.000199
49.150000 0.000201
49.160000 0.000202
49.170000 0.000203
49.180000 0.000204
49.190000 0.000205
49.200000 0.000207
49.210000 0.000208
49.220000 0.000208
49.230000 0.000209
49.240000 0.000210
49.250000 0.000211
49.260000 0.000212
49.270000 0.000212
49.280000 0.000213
49.290000 0.000213
49.300000 0.000214
49.310000 0.000214
49.320000 0.000215
49.330000 0.000215
49.340000 0.000215
49.350000 0.000216
49.360000 0.000216
49.370000 0.000216
49.380000 0.000217
49.390000 0.000217
49.400000 0.000217
49.410000 0.000218
49.420000 0.000218
49.430000 0.000218
49.440000 0.000218
49.450000 0.000218
49.460000 0.000218
49.470000 0.000217
49.480000 0.000217
49.490000 0.000217
49.500000 0.000217
49.510000 0.000216
49.520000 0.000216
49.530000 0.000215
49.540000 0.000215
49.550000 0.000214
49.560000 0.000214
49.570000 0.000213
49.580000 0.000212
49.590000 0.000212
49.600000 0.000211
49.610000 0.000210
49.620000 0.000210
49.630000 0.000209
49.640000 0.000208
49.650000 0.000207
49.660000 0.000206
49.670000 0.000205
49.680000 0.000204
49.690000 0.000204
49.700000 0.000203
49.710000 0.000202
49.720000 0.000201
49.730000 0.000200
49.740000 0.000200
49.750000 0.000199
49.760000 0.000198
49.770000 0.000198
49.780000 0.000197
49.790000 0.000196
49.800000 0.000196
49.810000 0.000195
49.820000 0.000194
49.830000 0.000193
49.840000 0.000192
49.850000 0.000192
49.860000 0.000191
49.870000 0.000190
49.880000 0.000189
49.890000 0.000188
49.900000 0.000187
49.910000 0.000185
49.920000 0.000184
49.930000 0.000183
49.940000 0.000181
49.950000 0.000180
49.960000 0.000178
49.970000 0.000177
49.980000 0.000175
49.990000 0.000173
