0.000000 0.333285
0.010000 0.333186
0.020000 0.332896
0.030000 0.332430
0.040000 0.331811
0.050000 0.331063
0.060000 0.330211
0.070000 0.329277
0.080000 0.328281
0.090000 0.327238
0.100000 0.326158
0.110000 0.325052
0.120000 0.323927
0.130000 0.322786
0.140000 0.321633
0.150000 0.320472
0.160000 0.319303
0.170000 0.318129
0.180000 0.316950
0.190000 0.315768
0.200000 0.314582
0.210000 0.313392
0.220000 0.312200
0.230000 0.311005
0.240000 0.309808
0.250000 0.308608
0.260000 0.307406
0.270000 0.306201
0.280000 0.304994
0.290000 0.303785
0.300000 0.302574
0.310000 0.301360
0.320000 0.300144
0.330000 0.298926
0.340000 0.297706
0.350000 0.296484
0.360000 0.295260
0.370000 0.294035
0.380000 0.292807
0.390000 0.291578
0.400000 0.290347
0.410000 0.289115
0.420000 0.287882
0.430000 0.286647
0.440000 0.285411
0.450000 0.284173
0.460000 0.282935
0.470000 0.281696
0.480000 0.280456
0.490000 0.279215
0.500000 0.277974
0.510000 0.276732
0.520000 0.275490
0.530000 0.274248
0.540000 0.273005
0.550000 0.271762
0.560000 0.270519
0.570000 0.269276
0.580000 0.268034
0.590000 0.266791
0.600000 0.265549
0.610000 0.264308
0.620000 0.263066
0.630000 0.261826
0.640000 0.260586
0.650000 0.259347
0.660000 0.258108
0.670000 0.256871
0.680000 0.255634
0.690000 0.254398
0.700000 0.253163
0.710000 0.251929
0.720000 0.250696
0.730000 0.249464
0.740000 0.248234
0.750000 0.247005
0.760000 0.245777
0.770000 0.244550
0.780000 0.243325
0.790000 0.242101
0.800000 0.240878
0.810000 0.239657
0.820000 0.238438
0.830000 0.237220
0.840000 0.236003
0.850000 0.234789
0.860000 0.233576
0.870000 0.232365
0.880000 0.231155
0.890000 0.229948
0.900000 0.228742
0.910000 0.227539
0.920000 0.226337
0.930000 0.225137
0.940000 0.223939
0.950000 0.222743
0.960000 0.221550
0.970000 0.220358
0.980000 0.219169
0.990000 0.217981
1.000000 0.216796
1.010000 0.215613
1.020000 0.214433
1.030000 0.213254
1.040000 0.212078
1.050000 0.210904
1.060000 0.209733
1.070000 0.208563
1.080000 0.207396
1.090000 0.206232
1.100000 0.205069
1.110000 0.203910
1.120000 0.202752
1.130000 0.201597
1.140000 0.200444
1.150000 0.199294
1.160000 0.198146
1.170000 0.197001
1.180000 0.195858
1.190000 0.194718
1.200000 0.193580
1.210000 0.192444
1.220000 0.191312
1.230000 0.190181
1.240000 0.189053
1.250000 0.187928
1.260000 0.186806
1.270000 0.185685
1.280000 0.184568
1.290000 0.183453
1.300000 0.182341
1.310000 0.181232
1.320000 0.180125
1.330000 0.179021
1.340000 0.177919
1.350000 0.176821
1.360000 0.175725
1.370000 0.174631
1.380000 0.173540
1.390000 0.172452
1.400000 0.171367
1.410000 0.170284
1.420000 0.169204
1.430000 0.168127
1.440000 0.167052
1.450000 0.165981
1.460000 0.164912
1.470000 0.163845
1.480000 0.162782
1.490000 0.161721
1.500000 0.160663
1.510000 0.159608
1.520000 0.158555
1.530000 0.157505
1.540000 0.156459
1.550000 0.155415
1.560000 0.154373
1.570000 0.153335
1.580000 0.152299
1.590000 0.151266
1.600000 0.150236
1.610000 0.149209
1.620000 0.148184
1.630000 0.147163
1.640000 0.146144
1.650000 0.145128
1.660000 0.144115
1.670000 0.143104
1.680000 0.142097
1.690000 0.141092
1.700000 0.140090
1.710000 0.139091
1.720000 0.138095
1.730000 0.137102
1.740000 0.136111
1.750000 0.135124
1.760000 0.134139
1.770000 0.133157
1.780000 0.132178
1.790000 0.131202
1.800000 0.130228
1.810000 0.129258
1.820000 0.128291
1.830000 0.127326
1.840000 0.126364
1.850000 0.125405
1.860000 0.124449
1.870000 0.123496
1.880000 0.122546
1.890000 0.121598
1.900000 0.120654
1.910000 0.119712
1.920000 0.118774
1.930000 0.117838
1.940000 0.116905
1.950000 0.115975
1.960000 0.115048
1.970000 0.114124
1.980000 0.113203
1.990000 0.112284
2.000000 0.111369
2.010000 0.110456
2.020000 0.109547
2.030000 0.108640
2.040000 0.107736
2.050000 0.106835
2.060000 0.105937
2.070000 0.105042
2.080000 0.104149
2.090000 0.103260
2.100000 0.102373
2.110000 0.101489
2.120000 0.100608
2.130000 0.099730
2.140000 0.098855
2.150000 0.097983
2.160000 0.097114
2.170000 0.096247
2.180000 0.095383
2.190000 0.094523
2.200000 0.093665
2.210000 0.092809
2.220000 0.091957
2.230000 0.091108
2.240000 0.090261
2.250000 0.089417
2.260000 0.088577
2.270000 0.087738
2.280000 0.086903
2.290000 0.086071
2.300000 0.085241
2.310000 0.084414
2.320000 0.083591
2.330000 0.082769
2.340000 0.081951
2.350000 0.081135
2.360000 0.080323
2.370000 0.079513
2.380000 0.078705
2.390000 0.077901
2.400000 0.077099
2.410000 0.076300
2.420000 0.075504
2.430000 0.074711
2.440000 0.073920
2.450000 0.073133
2.460000 0.072348
2.470000 0.071566
2.480000 0.070786
2.490000 0.070009
2.500000 0.069235
2.510000 0.068464
2.520000 0.067696
2.530000 0.066930
2.540000 0.066167
2.550000 0.065407
2.560000 0.064650
2.570000 0.063895
2.580000 0.063143
2.590000 0.062393
2.600000 0.061647
2.610000 0.060903
2.620000 0.060162
2.630000 0.059423
2.640000 0.058688
2.650000 0.057955
2.660000 0.057225
2.670000 0.056497
2.680000 0.055772
2.690000 0.055050
2.700000 0.054331
2.710000 0.053615
2.720000 0.052901
2.730000 0.052190
2.740000 0.051482
2.750000 0.050776
2.760000 0.050073
2.770000 0.049373
2.780000 0.048676
2.790000 0.047982
2.800000 0.047290
2.810000 0.046601
2.820000 0.045915
2.830000 0.045232
2.840000 0.044552
2.850000 0.043874
2.860000 0.043199
2.870000 0.042526
2.880000 0.041857
2.890000 0.041190
2.900000 0.040526
2.910000 0.039865
2.920000 0.039206
2.930000 0.038550
2.940000 0.037897
2.950000 0.037246
2.960000 0.036598
2.970000 0.035953
2.980000 0.035311
2.990000 0.034671
3.000000 0.034034
3.010000 0.033399
3.020000 0.032767
3.030000 0.032138
3.040000 0.031511
3.050000 0.030887
3.060000 0.030266
3.070000 0.029647
3.080000 0.029031
3.090000 0.028417
3.100000 0.027806
3.110000 0.027197
3.120000 0.026591
3.130000 0.025988
3.140000 0.025387
3.150000 0.024789
3.160000 0.024193
3.170000 0.023600
3.180000 0.023010
3.190000 0.022422
3.200000 0.021836
3.210000 0.021254
3.220000 0.020673
3.230000 0.020096
3.240000 0.019521
3.250000 0.018948
3.260000 0.018378
3.270000 0.017810
3.280000 0.017245
3.290000 0.016683
3.300000 0.016123
3.310000 0.015566
3.320000 0.015011
3.330000 0.014458
3.340000 0.013908
3.350000 0.013361
3.360000 0.012816
3.370000 0.012273
3.380000 0.011733
3.390000 0.011195
3.400000 0.010660
3.410000 0.010127
3.420000 0.009597
3.430000 0.009068
3.440000 0.008542
3.450000 0.008019
3.460000 0.007498
3.470000 0.006979
3.480000 0.006463
3.490000 0.005949
3.500000 0.005437
3.510000 0.004928
3.520000 0.004421
3.530000 0.003916
3.540000 0.003414
3.550000 0.002914
3.560000 0.002416
3.570000 0.001921
3.580000 0.001428
3.590000 0.000937
3.600000 0.000449
3.610000 -0.000038
3.620000 -0.000521
3.630000 -0.001003
3.640000 -0.001482
3.650000 -0.001959
3.660000 -0.002434
3.670000 -0.002906
3.680000 -0.003376
3.690000 -0.003843
3.700000 -0.004309
3.710000 -0.004772
3.720000 -0.005232
3.730000 -0.005691
3.740000 -0.006147
3.750000 -0.006601
3.760000 -0.007052
3.770000 -0.007502
3.780000 -0.007949
3.790000 -0.008394
3.800000 -0.008837
3.810000 -0.009277
3.820000 -0.009716
3.830000 -0.010152
3.840000 -0.010586
3.850000 -0.011018
3.860000 -0.011447
3.870000 -0.011875
3.880000 -0.012300
3.890000 -0.012723
3.900000 -0.013144
3.910000 -0.013563
3.920000 -0.013980
3.930000 -0.014394
3.940000 -0.014806
3.950000 -0.015216
3.960000 -0.015624
3.970000 -0.016030
3.980000 -0.016434
3.990000 -0.016835
4.000000 -0.017234
4.010000 -0.017631
4.020000 -0.018026
4.030000 -0.018419
4.040000 -0.018810
4.050000 -0.019199
4.060000 -0.019585
4.070000 -0.019969
4.080000 -0.020352
4.090000 -0.020732
4.100000 -0.021110
4.110000 -0.021487
4.120000 -0.021861
4.130000 -0.022233
4.140000 -0.022603
4.150000 -0.022971
4.160000 -0.023337
4.170000 -0.023701
4.180000 -0.024062
4.190000 -0.024422
4.200000 -0.024780
4.210000 -0.025136
4.220000 -0.025490
4.230000 -0.025842
4.240000 -0.026192
4.250000 -0.026540
4.260000 -0.026886
4.270000 -0.027229
4.280000 -0.027571
4.290000 -0.027911
4.300000 -0.028249
4.310000 -0.028585
4.320000 -0.028919
4.330000 -0.029250
4.340000 -0.029580
4.350000 -0.029908
4.360000 -0.030234
4.370000 -0.030558
4.380000 -0.030880
4.390000 -0.031200
4.400000 -0.031519
4.410000 -0.031835
4.420000 -0.032150
4.430000 -0.032462
4.440000 -0.032773
4.450000 -0.033082
4.460000 -0.033389
4.470000 -0.033694
4.480000 -0.033998
4.490000 -0.034299
4.500000 -0.034599
4.510000 -0.034897
4.520000 -0.035193
4.530000 -0.035487
4.540000 -0.035779
4.550000 -0.036070
4.560000 -0.036359
4.570000 -0.036646
4.580000 -0.036931
4.590000 -0.037214
4.600000 -0.037496
4.610000 -0.037775
4.620000 -0.038053
4.630000 -0.038329
4.640000 -0.038604
4.650000 -0.038876
4.660000 -0.039147
4.670000 -0.039416
4.680000 -0.039683
4.690000 -0.039949
4.700000 -0.040213
4.710000 -0.040475
4.720000 -0.040735
4.730000 -0.040994
4.740000 -0.041250
4.750000 -0.041506
4.760000 -0.041759
4.770000 -0.042011
4.780000 -0.042261
4.790000 -0.042510
4.800000 -0.042757
4.810000 -0.043002
4.820000 -0.043245
4.830000 -0.043487
4.840000 -0.043728
4.850000 -0.043967
4.860000 -0.044204
4.870000 -0.044439
4.880000 -0.044673
4.890000 -0.044905
4.900000 -0.045135
4.910000 -0.045364
4.920000 -0.045591
4.930000 -0.045817
4.940000 -0.046040
4.950000 -0.046262
4.960000 -0.046483
4.970000 -0.046702
4.980000 -0.046919
4.990000 -0.047134
5.000000 -0.047348
5.010000 -0.047561
5.020000 -0.047771
5.030000 -0.047980
5.040000 -0.048188
5.050000 -0.048394
5.060000 -0.048598
5.070000 -0.048801
5.080000 -0.049002
5.090000 -0.049201
5.100000 -0.049399
5.110000 -0.049596
5.120000 -0.049791
5.130000 -0.049984
5.140000 -0.050176
5.150000 -0.050366
5.160000 -0.050555
5.170000 -0.050743
5.180000 -0.050929
5.190000 -0.051113
5.200000 -0.051296
5.210000 -0.051478
5.220000 -0.051658
5.230000 -0.051836
5.240000 -0.052014
5.250000 -0.052189
5.260000 -0.052364
5.270000 -0.052536
5.280000 -0.052708
5.290000 -0.052878
5.300000 -0.053047
5.310000 -0.053214
5.320000 -0.053380
5.330000 -0.053544
5.340000 -0.053708
5.350000 -0.053869
5.360000 -0.054030
5.370000 -0.054189
5.380000 -0.054346
5.390000 -0.054502
5.400000 -0.054657
5.410000 -0.054811
5.420000 -0.054963
5.430000 -0.055114
5.440000 -0.055263
5.450000 -0.055411
5.460000 -0.055558
5.470000 -0.055703
5.480000 -0.055847
5.490000 -0.055990
5.500000 -0.056132
5.510000 -0.056272
5.520000 -0.056410
5.530000 -0.056548
5.540000 -0.056684
5.550000 -0.056819
5.560000 -0.056952
5.570000 -0.057084
5.580000 -0.057215
5.590000 -0.057345
5.600000 -0.057473
5.610000 -0.057600
5.620000 -0.057726
5.630000 -0.057850
5.640000 -0.057973
5.650000 -0.058095
5.660000 -0.058216
5.670000 -0.058335
5.680000 -0.058453
5.690000 -0.058569
5.700000 -0.058685
5.710000 -0.058799
5.720000 -0.058912
5.730000 -0.059023
5.740000 -0.059134
5.750000 -0.059243
5.760000 -0.059351
5.770000 -0.059457
5.780000 -0.059563
5.790000 -0.059667
5.800000 -0.059771
5.810000 -0.059873
5.820000 -0.059973
5.830000 -0.060073
5.840000 -0.060172
5.850000 -0.060269
5.860000 -0.060366
5.870000 -0.060461
5.880000 -0.060555
5.890000 -0.060648
5.900000 -0.060740
5.910000 -0.060831
5.920000 -0.060921
5.930000 -0.061009
5.940000 -0.061097
5.950000 -0.061183
5.960000 -0.061268
5.970000 -0.061352
5.980000 -0.061435
5.990000 -0.061517
6.000000 -0.061598
6.010000 -0.061678
6.020000 -0.061756
6.030000 -0.061834
6.040000 -0.061911
6.050000 -0.061986
6.060000 -0.062061
6.070000 -0.062134
6.080000 -0.062207
6.090000 -0.062278
6.100000 -0.062349
6.110000 -0.062418
6.120000 -0.062487
6.130000 -0.062554
6.140000 -0.062621
6.150000 -0.062686
6.160000 -0.062751
6.170000 -0.062814
6.180000 -0.062877
6.190000 -0.062939
6.200000 -0.062999
6.210000 -0.063059
6.220000 -0.063117
6.230000 -0.063175
6.240000 -0.063232
6.250000 -0.063288
6.260000 -0.063343
6.270000 -0.063397
6.280000 -0.063450
6.290000 -0.063502
6.300000 -0.063553
6.310000 -0.063603
6.320000 -0.063652
6.330000 -0.063701
6.340000 -0.063748
6.350000 -0.063795
6.360000 -0.063840
6.370000 -0.063885
6.380000 -0.063929
6.390000 -0.063971
6.400000 -0.064013
6.410000 -0.064054
6.420000 -0.064094
6.430000 -0.064133
6.440000 -0.064171
6.450000 -0.064209
6.460000 -0.064245
6.470000 -0.064281
6.480000 -0.064315
6.490000 -0.064349
6.500000 -0.064382
6.510000 -0.064414
6.520000 -0.064445
6.530000 -0.064475
6.540000 -0.064505
6.550000 -0.064534
6.560000 -0.064562
6.570000 -0.064589
6.580000 -0.064615
6.590000 -0.064640
6.600000 -0.064665
6.610000 -0.064689
6.620000 -0.064712
6.630000 -0.064734
6.640000 -0.064755
6.650000 -0.064776
6.660000 -0.064796
6.670000 -0.064815
6.680000 -0.064833
6.690000 -0.064850
6.700000 -0.064867
6.710000 -0.064883
6.720000 -0.064898
6.730000 -0.064912
6.740000 -0.064926
6.750000 -0.064939
6.760000 -0.064951
6.770000 -0.064962
6.780000 -0.064973
6.790000 -0.064982
6.800000 -0.064991
6.810000 -0.064999
6.820000 -0.065007
6.830000 -0.065013
6.840000 -0.065019
6.850000 -0.065024
6.860000 -0.065028
6.870000 -0.065032
6.880000 -0.065035
6.890000 -0.065037
6.900000 -0.065038
6.910000 -0.065039
6.920000 -0.065039
6.930000 -0.065038
6.940000 -0.065036
6.950000 -0.065034
6.960000 -0.065032
6.970000 -0.065028
6.980000 -0.065024
6.990000 -0.065019
7.000000 -0.065013
7.010000 -0.065007
7.020000 -0.065000
7.030000 -0.064992
7.040000 -0.064984
7.050000 -0.064975
7.060000 -0.064965
7.070000 -0.064955
7.080000 -0.064944
7.090000 -0.064932
7.100000 -0.064920
7.110000 -0.064907
7.120000 -0.064893
7.130000 -0.064879
7.140000 -0.064864
7.150000 -0.064849
7.160000 -0.064833
7.170000 -0.064816
7.180000 -0.064798
7.190000 -0.064780
7.200000 -0.064761
7.210000 -0.064741
7.220000 -0.064721
7.230000 -0.064700
7.240000 -0.064679
7.250000 -0.064657
7.260000 -0.064634
7.270000 -0.064610
7.280000 -0.064586
7.290000 -0.064562
7.300000 -0.064536
7.310000 -0.064511
7.320000 -0.064484
7.330000 -0.064457
7.340000 -0.064430
7.350000 -0.064402
7.360000 -0.064373
7.370000 -0.064344
7.380000 -0.064315
7.390000 -0.064285
7.400000 -0.064254
7.410000 -0.064223
7.420000 -0.064192
7.430000 -0.064160
7.440000 -0.064127
7.450000 -0.064095
7.460000 -0.064061
7.470000 -0.064027
7.480000 -0.063993
7.490000 -0.063958
7.500000 -0.063923
7.510000 -0.063887
7.520000 -0.063851
7.530000 -0.063814
7.540000 -0.063777
7.550000 -0.063739
7.560000 -0.063701
7.570000 -0.063662
7.580000 -0.063623
7.590000 -0.063583
7.600000 -0.063543
7.610000 -0.063502
7.620000 -0.063461
7.630000 -0.063419
7.640000 -0.063377
7.650000 -0.063334
7.660000 -0.063291
7.670000 -0.063248
7.680000 -0.063204
7.690000 -0.063159
7.700000 -0.063115
7.710000 -0.063069
7.720000 -0.063023
7.730000 -0.062977
7.740000 -0.062931
7.750000 -0.062884
7.760000 -0.062836
7.770000 -0.062789
7.780000 -0.062741
7.790000 -0.062692
7.800000 -0.062643
7.810000 -0.062594
7.820000 -0.062544
7.830000 -0.062494
7.840000 -0.062443
7.850000 -0.062392
7.860000 -0.062341
7.870000 -0.062289
7.880000 -0.062237
7.890000 -0.062184
7.900000 -0.062131
7.910000 -0.062078
7.920000 -0.062024
7.930000 -0.061970
7.940000 -0.061915
7.950000 -0.061861
7.960000 -0.061805
7.970000 -0.061750
7.980000 -0.061694
7.990000 -0.061638
8.000000 -0.061581
8.010000 -0.061524
8.020000 -0.061467
8.030000 -0.061409
8.040000 -0.061351
8.050000 -0.061293
8.060000 -0.061234
8.070000 -0.061175
8.080000 -0.061115
8.090000 -0.061056
8.100000 -0.060995
8.110000 -0.060935
8.120000 -0.060874
8.130000 -0.060813
8.140000 -0.060751
8.150000 -0.060689
8.160000 -0.060627
8.170000 -0.060564
8.180000 -0.060501
8.190000 -0.060437
8.200000 -0.060373
8.210000 -0.060309
8.220000 -0.060245
8.230000 -0.060180
8.240000 -0.060115
8.250000 -0.060050
8.260000 -0.059984
8.270000 -0.059918
8.280000 -0.059852
8.290000 -0.059786
8.300000 -0.059719
8.310000 -0.059652
8.320000 -0.059585
8.330000 -0.059518
8.340000 -0.059450
8.350000 -0.059382
8.360000 -0.059314
8.370000 -0.059245
8.380000 -0.059176
8.390000 -0.059107
8.400000 -0.059038
8.410000 -0.058968
8.420000 -0.058898
8.430000 -0.058828
8.440000 -0.058757
8.450000 -0.058687
8.460000 -0.058616
8.470000 -0.058544
8.480000 -0.058473
8.490000 -0.058401
8.500000 -0.058329
8.510000 -0.058256
8.520000 -0.058184
8.530000 -0.058111
8.540000 -0.058038
8.550000 -0.057965
8.560000 -0.057891
8.570000 -0.057817
8.580000 -0.057743
8.590000 -0.057669
8.600000 -0.057595
8.610000 -0.057520
8.620000 -0.057445
8.630000 -0.057370
8.640000 -0.057295
8.650000 -0.057220
8.660000 -0.057144
8.670000 -0.057069
8.680000 -0.056993
8.690000 -0.056917
8.700000 -0.056840
8.710000 -0.056764
8.720000 -0.056688
8.730000 -0.056611
8.740000 -0.056534
8.750000 -0.056457
8.760000 -0.056380
8.770000 -0.056302
8.780000 -0.056224
8.790000 -0.056146
8.800000 -0.056068
8.810000 -0.055990
8.820000 -0.055912
8.830000 -0.055833
8.840000 -0.055754
8.850000 -0.055675
8.860000 -0.055596
8.870000 -0.055517
8.880000 -0.055437
8.890000 -0.055357
8.900000 -0.055278
8.910000 -0.055198
8.920000 -0.055118
8.930000 -0.055037
8.940000 -0.054957
8.950000 -0.054877
8.960000 -0.054796
8.970000 -0.054715
8.980000 -0.054634
8.990000 -0.054553
9.000000 -0.054472
9.010000 -0.054390
9.020000 -0.054309
9.030000 -0.054227
9.040000 -0.054145
9.050000 -0.054063
9.060000 -0.053980
9.070000 -0.053898
9.080000 -0.053815
9.090000 -0.053732
9.100000 -0.053648
9.110000 -0.053565
9.120000 -0.053481
9.130000 -0.053398
9.140000 -0.053314
9.150000 -0.053230
9.160000 -0.053145
9.170000 -0.053061
9.180000 -0.052976
9.190000 -0.052892
9.200000 -0.052807
9.210000 -0.052722
9.220000 -0.052636
9.230000 -0.052551
9.240000 -0.052466
9.250000 -0.052380
9.260000 -0.052294
9.270000 -0.052208
9.280000 -0.052122
9.290000 -0.052036
9.300000 -0.051950
9.310000 -0.051864
9.320000 -0.051777
9.330000 -0.051691
9.340000 -0.051604
9.350000 -0.051517
9.360000 -0.051430
9.370000 -0.051344
9.380000 -0.051257
9.390000 -0.051170
9.400000 -0.051082
9.410000 -0.050995
9.420000 -0.050908
9.430000 -0.050821
9.440000 -0.050733
9.450000 -0.050646
9.460000 -0.050558
9.470000 -0.050471
9.480000 -0.050383
9.490000 -0.050295
9.500000 -0.050207
9.510000 -0.050120
9.520000 -0.050032
9.530000 -0.049944
9.540000 -0.049856
9.550000 -0.049768
9.560000 -0.049680
9.570000 -0.049592
9.580000 -0.049504
9.590000 -0.049415
9.600000 -0.049327
9.610000 -0.049239
9.620000 -0.049150
9.630000 -0.049062
9.640000 -0.048974
9.650000 -0.048885
9.660000 -0.048797
9.670000 -0.048708
9.680000 -0.048619
9.690000 -0.048531
9.700000 -0.048442
9.710000 -0.048354
9.720000 -0.048265
9.730000 -0.048176
9.740000 -0.048088
9.750000 -0.047999
9.760000 -0.047910
9.770000 -0.047822
9.780000 -0.047733
9.790000 -0.047644
9.800000 -0.047555
9.810000 -0.047467
9.820000 -0.047378
9.830000 -0.047289
9.840000 -0.047200
9.850000 -0.047112
9.860000 -0.047023
9.870000 -0.046934
9.880000 -0.046845
9.890000 -0.046756
9.900000 -0.046667
9.910000 -0.046579
9.920000 -0.046490
9.930000 -0.046401
9.940000 -0.046312
9.950000 -0.046223
9.960000 -0.046134
9.970000 -0.046045
9.980000 -0.045956
9.990000 -0.045867
10.000000 -0.045779
10.010000 -0.045689
10.020000 -0.045600
10.030000 -0.045511
10.040000 -0.045422
10.050000 -0.045333
10.060000 -0.045244
10.070000 -0.045155
10.080000 -0.045066
10.090000 -0.044977
10.100000 -0.044888
10.110000 -0.044799
10.120000 -0.044710
10.130000 -0.044621
10.140000 -0.044531
10.150000 -0.044442
10.160000 -0.044353
10.170000 -0.044264
10.180000 -0.044175
10.190000 -0.044086
10.200000 -0.043997
10.210000 -0.043908
10.220000 -0.043819
10.230000 -0.043730
10.240000 -0.043641
10.250000 -0.043552
10.260000 -0.043464
10.270000 -0.043375
10.280000 -0.043286
10.290000 -0.043197
10.300000 -0.043109
10.310000 -0.043020
10.320000 -0.042931
10.330000 -0.042842
10.340000 -0.042754
10.350000 -0.042665
10.360000 -0.042576
10.370000 -0.042487
10.380000 -0.042399
10.390000 -0.042310
10.400000 -0.042221
10.410000 -0.042132
10.420000 -0.042044
10.430000 -0.041955
10.440000 -0.041866
10.450000 -0.041777
10.460000 -0.041688
10.470000 -0.041599
10.480000 -0.041510
10.490000 -0.041421
10.500000 -0.041332
10.510000 -0.041243
10.520000 -0.041154
10.530000 -0.041066
10.540000 -0.040977
10.550000 -0.040888
10.560000 -0.040799
10.570000 -0.040710
10.580000 -0.040621
10.590000 -0.040532
10.600000 -0.040443
10.610000 -0.040354
10.620000 -0.040265
10.630000 -0.040177
10.640000 -0.040088
10.650000 -0.039999
10.660000 -0.039910
10.670000 -0.039821
10.680000 -0.039733
10.690000 -0.039644
10.700000 -0.039555
10.710000 -0.039467
10.720000 -0.039378
10.730000 -0.039290
10.740000 -0.039201
10.750000 -0.039113
10.760000 -0.039025
10.770000 -0.038936
10.780000 -0.038848
10.790000 -0.038760
10.800000 -0.038672
10.810000 -0.038584
10.820000 -0.038496
10.830000 -0.038408
10.840000 -0.038320
10.850000 -0.038232
10.860000 -0.038145
10.870000 -0.038057
10.880000 -0.037969
10.890000 -0.037882
10.900000 -0.037794
10.910000 -0.037707
10.920000 -0.037620
10.930000 -0.037532
10.940000 -0.037445
10.950000 -0.037358
10.960000 -0.037271
10.970000 -0.037184
10.980000 -0.037097
10.990000 -0.037009
11.000000 -0.036922
11.010000 -0.036836
11.020000 -0.036749
11.030000 -0.036662
11.040000 -0.036575
11.050000 -0.036489
11.060000 -0.036402
11.070000 -0.036316
11.080000 -0.036230
11.090000 -0.036144
11.100000 -0.036058
11.110000 -0.035972
11.120000 -0.035886
11.130000 -0.035801
11.140000 -0.035715
11.150000 -0.035630
11.160000 -0.035545
11.170000 -0.035460
11.180000 -0.035375
11.190000 -0.035290
11.200000 -0.035205
11.210000 -0.035120
11.220000 -0.035036
11.230000 -0.034952
11.240000 -0.034867
11.250000 -0.034783
11.260000 -0.034699
11.270000 -0.034615
11.280000 -0.034531
11.290000 -0.034447
11.300000 -0.034364
11.310000 -0.034280
11.320000 -0.034196
11.330000 -0.034113
11.340000 -0.034029
11.350000 -0.033946
11.360000 -0.033862
11.370000 -0.033779
11.380000 -0.033695
11.390000 -0.033612
11.400000 -0.033529
11.410000 -0.033446
11.420000 -0.033363
11.430000 -0.033280
11.440000 -0.033197
11.450000 -0.033115
11.460000 -0.033032
11.470000 -0.032949
11.480000 -0.032867
11.490000 -0.032785
11.500000 -0.032702
11.510000 -0.032620
11.520000 -0.032538
11.530000 -0.032456
11.540000 -0.032374
11.550000 -0.032292
11.560000 -0.032210
11.570000 -0.032128
11.580000 -0.032047
11.590000 -0.031965
11.600000 -0.031883
11.610000 -0.031802
11.620000 -0.031720
11.630000 -0.031639
11.640000 -0.031557
11.650000 -0.031476
11.660000 -0.031395
11.670000 -0.031314
11.680000 -0.031233
11.690000 -0.031152
11.700000 -0.031072
11.710000 -0.030991
11.720000 -0.030911
11.730000 -0.030830
11.740000 -0.030750
11.750000 -0.030670
11.760000 -0.030590
11.770000 -0.030510
11.780000 -0.030431
11.790000 -0.030351
11.800000 -0.030272
11.810000 -0.030192
11.820000 -0.030113
11.830000 -0.030034
11.840000 -0.029954
11.850000 -0.029875
11.860000 -0.029796
11.870000 -0.029717
11.880000 -0.029638
11.890000 -0.029559
11.900000 -0.029480
11.910000 -0.029402
11.920000 -0.029323
11.930000 -0.029244
11.940000 -0.029165
11.950000 -0.029087
11.960000 -0.029008
11.970000 -0.028929
11.980000 -0.028851
11.990000 -0.028772
12.000000 -0.028694
12.010000 -0.028616
12.020000 -0.028538
12.030000 -0.028460
12.040000 -0.028382
12.050000 -0.028304
12.060000 -0.028226
12.070000 -0.028148
12.080000 -0.028071
12.090000 -0.027993
12.100000 -0.027916
12.110000 -0.027839
12.120000 -0.027761
12.130000 -0.027684
12.140000 -0.027607
12.150000 -0.027530
12.160000 -0.027453
12.170000 -0.027376
12.180000 -0.027299
12.190000 -0.027222
12.200000 -0.027145
12.210000 -0.027069
12.220000 -0.026992
12.230000 -0.026915
12.240000 -0.026838
12.250000 -0.026762
12.260000 -0.026685
12.270000 -0.026609
12.280000 -0.026532
12.290000 -0.026456
12.300000 -0.026380
12.310000 -0.026303
12.320000 -0.026227
12.330000 -0.026152
12.340000 -0.026076
12.350000 -0.026000
12.360000 -0.025925
12.370000 -0.025849
12.380000 -0.025774
12.390000 -0.025699
12.400000 -0.025623
12.410000 -0.025548
12.420000 -0.025474
12.430000 -0.025399
12.440000 -0.025324
12.450000 -0.025250
12.460000 -0.025175
12.470000 -0.025101
12.480000 -0.025027
12.490000 -0.024953
12.500000 -0.024880
12.510000 -0.024806
12.520000 -0.024733
12.530000 -0.024660
12.540000 -0.024587
12.550000 -0.024514
12.560000 -0.024441
12.570000 -0.024368
12.580000 -0.024296
12.590000 -0.024224
12.600000 -0.024152
12.610000 -0.024080
12.620000 -0.024008
12.630000 -0.023936
12.640000 -0.023865
12.650000 -0.023794
12.660000 -0.023723
12.670000 -0.023652
12.680000 -0.023581
12.690000 -0.023510
12.700000 -0.023440
12.710000 -0.023370
12.720000 -0.023300
12.730000 -0.023230
12.740000 -0.023160
12.750000 -0.023091
12.760000 -0.023021
12.770000 -0.022952
12.780000 -0.022883
12.790000 -0.022814
12.800000 -0.022745
12.810000 -0.022676
12.820000 -0.022608
12.830000 -0.022539
12.840000 -0.022471
12.850000 -0.022403
12.860000 -0.022335
12.870000 -0.022267
12.880000 -0.022199
12.890000 -0.022131
12.900000 -0.022064
12.910000 -0.021996
12.920000 -0.021929
12.930000 -0.021862
12.940000 -0.021794
12.950000 -0.021727
12.960000 -0.021660
12.970000 -0.021593
12.980000 -0.021527
12.990000 -0.021460
13.000000 -0.021393
13.010000 -0.021327
13.020000 -0.021260
13.030000 -0.021194
13.040000 -0.021128
13.050000 -0.021062
13.060000 -0.020996
13.070000 -0.020930
13.080000 -0.020864
13.090000 -0.020799
13.100000 -0.020733
13.110000 -0.020668
13.120000 -0.020603
13.130000 -0.020537
13.140000 -0.020472
13.150000 -0.020407
13.160000 -0.020342
13.170000 -0.020277
13.180000 -0.020212
13.190000 -0.020148
13.200000 -0.020083
13.210000 -0.020019
13.220000 -0.019954
13.230000 -0.019890
13.240000 -0.019826
13.250000 -0.019763
13.260000 -0.019699
13.270000 -0.019636
13.280000 -0.019572
13.290000 -0.019509
13.300000 -0.019446
13.310000 -0.019383
13.320000 -0.019321
13.330000 -0.019258
13.340000 -0.019196
13.350000 -0.019134
13.360000 -0.019072
13.370000 -0.019010
13.380000 -0.018948
13.390000 -0.018886
13.400000 -0.018825
13.410000 -0.018763
13.420000 -0.018702
13.430000 -0.018641
13.440000 -0.018580
13.450000 -0.018519
13.460000 -0.018458
13.470000 -0.018398
13.480000 -0.018337
13.490000 -0.018277
13.500000 -0.018217
13.510000 -0.018157
13.520000 -0.018097
13.530000 -0.018037
13.540000 -0.017977
13.550000 -0.017918
13.560000 -0.017858
13.570000 -0.017799
13.580000 -0.017740
13.590000 -0.017681
13.600000 -0.017622
13.610000 -0.017563
13.620000 -0.017504
13.630000 -0.017446
13.640000 -0.017387
13.650000 -0.017329
13.660000 -0.017271
13.670000 -0.017213
13.680000 -0.017155
13.690000 -0.017098
13.700000 -0.017040
13.710000 -0.016983
13.720000 -0.016925
13.730000 -0.016868
13.740000 -0.016811
13.750000 -0.016754
13.760000 -0.016698
13.770000 -0.016641
13.780000 -0.016585
13.790000 -0.016528
13.800000 -0.016472
13.810000 -0.016416
13.820000 -0.016360
13.830000 -0.016304
13.840000 -0.016248
13.850000 -0.016193
13.860000 -0.016138
13.870000 -0.016082
13.880000 -0.016027
13.890000 -0.015972
13.900000 -0.015917
13.910000 -0.015863
13.920000 -0.015808
13.930000 -0.015754
13.940000 -0.015699
13.950000 -0.015645
13.960000 -0.015591
13.970000 -0.015537
13.980000 -0.015483
13.990000 -0.015430
14.000000 -0.015376
14.010000 -0.015322
14.020000 -0.015269
14.030000 -0.015216
14.040000 -0.015163
14.050000 -0.015110
14.060000 -0.015057
14.070000 -0.015004
14.080000 -0.014951
14.090000 -0.014898
14.100000 -0.014846
14.110000 -0.014793
14.120000 -0.014741
14.130000 -0.014689
14.140000 -0.014637
14.150000 -0.014585
14.160000 -0.014534
14.170000 -0.014482
14.180000 -0.014430
14.190000 -0.014379
14.200000 -0.014328
14.210000 -0.014277
14.220000 -0.014225
14.230000 -0.014174
14.240000 -0.014123
14.250000 -0.014073
14.260000 -0.014022
14.270000 -0.013971
14.280000 -0.013920
14.290000 -0.013870
14.300000 -0.013819
14.310000 -0.013769
14.320000 -0.013718
14.330000 -0.013668
14.340000 -0.013618
14.350000 -0.013568
14.360000 -0.013518
14.370000 -0.013468
14.380000 -0.013419
14.390000 -0.013369
14.400000 -0.013320
14.410000 -0.013271
14.420000 -0.013222
14.430000 -0.013173
14.440000 -0.013124
14.450000 -0.013075
14.460000 -0.013027
14.470000 -0.012978
14.480000 -0.012930
14.490000 -0.012882
14.500000 -0.012834
14.510000 -0.012785
14.520000 -0.012737
14.530000 -0.012690
14.540000 -0.012642
14.550000 -0.012594
14.560000 -0.012546
14.570000 -0.012499
14.580000 -0.012451
14.590000 -0.012404
14.600000 -0.012357
14.610000 -0.012309
14.620000 -0.012262
14.630000 -0.012215
14.640000 -0.012168
14.650000 -0.012121
14.660000 -0.012074
14.670000 -0.012027
14.680000 -0.011980
14.690000 -0.011934
14.700000 -0.011887
14.710000 -0.011841
14.720000 -0.011794
14.730000 -0.011748
14.740000 -0.011702
14.750000 -0.011656
14.760000 -0.011611
14.770000 -0.011565
14.780000 -0.011520
14.790000 -0.011474
14.800000 -0.011429
14.810000 -0.011384
14.820000 -0.011338
14.830000 -0.011293
14.840000 -0.011249
14.850000 -0.011204
14.860000 -0.011159
14.870000 -0.011114
14.880000 -0.011070
14.890000 -0.011025
14.900000 -0.010981
14.910000 -0.010936
14.920000 -0.010892
14.930000 -0.010847
14.940000 -0.010803
14.950000 -0.010759
14.960000 -0.010715
14.970000 -0.010671
14.980000 -0.010627
14.990000 -0.010583
15.000000 -0.010539
15.010000 -0.010496
15.020000 -0.010452
15.030000 -0.010409
15.040000 -0.010366
15.050000 -0.010322
15.060000 -0.010279
15.070000 -0.010236
15.080000 -0.010194
15.090000 -0.010151
15.100000 -0.010108
15.110000 -0.010066
15.120000 -0.010024
15.130000 -0.009981
15.140000 -0.009939
15.150000 -0.009897
15.160000 -0.009855
15.170000 -0.009814
15.180000 -0.009772
15.190000 -0.009730
15.200000 -0.009689
15.210000 -0.009647
15.220000 -0.009606
15.230000 -0.009565
15.240000 -0.009524
15.250000 -0.009483
15.260000 -0.009442
15.270000 -0.009401
15.280000 -0.009361
15.290000 -0.009320
15.300000 -0.009280
15.310000 -0.009239
15.320000 -0.009199
15.330000 -0.009159
15.340000 -0.009119
15.350000 -0.009079
15.360000 -0.009039
15.370000 -0.009000
15.380000 -0.008960
15.390000 -0.008921
15.400000 -0.008881
15.410000 -0.008842
15.420000 -0.008803
15.430000 -0.008764
15.440000 -0.008726
15.450000 -0.008687
15.460000 -0.008649
15.470000 -0.008611
15.480000 -0.008572
15.490000 -0.008535
15.500000 -0.008497
15.510000 -0.008459
15.520000 -0.008421
15.530000 -0.008384
15.540000 -0.008347
15.550000 -0.008310
15.560000 -0.008273
15.570000 -0.008236
15.580000 -0.008199
15.590000 -0.008162
15.600000 -0.008126
15.610000 -0.008089
15.620000 -0.008053
15.630000 -0.008017
15.640000 -0.007981
15.650000 -0.007945
15.660000 -0.007909
15.670000 -0.007874
15.680000 -0.007838
15.690000 -0.007803
15.700000 -0.007768
15.710000 -0.007733
15.720000 -0.007698
15.730000 -0.007663
15.740000 -0.007628
15.750000 -0.007593
15.760000 -0.007559
15.770000 -0.007525
15.780000 -0.007490
15.790000 -0.007456
15.800000 -0.007422
15.810000 -0.007388
15.820000 -0.007354
15.830000 -0.007320
15.840000 -0.007286
15.850000 -0.007253
15.860000 -0.007219
15.870000 -0.007186
15.880000 -0.007152
15.890000 -0.007119
15.900000 -0.007085
15.910000 -0.007052
15.920000 -0.007019
15.930000 -0.006986
15.940000 -0.006953
15.950000 -0.006920
15.960000 -0.006887
15.970000 -0.006854
15.980000 -0.006822
15.990000 -0.006789
16.000000 -0.006757
16.010000 -0.006724
16.020000 -0.006692
16.030000 -0.006659
16.040000 -0.006627
16.050000 -0.006595
16.060000 -0.006563
16.070000 -0.006531
16.080000 -0.006499
16.090000 -0.006468
16.100000 -0.006436
16.110000 -0.006404
16.120000 -0.006373
16.130000 -0.006341
16.140000 -0.006310
16.150000 -0.006279
16.160000 -0.006247
16.170000 -0.006216
16.180000 -0.006185
16.190000 -0.006154
16.200000 -0.006123
16.210000 -0.006092
16.220000 -0.006061
16.230000 -0.006030
16.240000 -0.006000
16.250000 -0.005969
16.260000 -0.005938
16.270000 -0.005907
16.280000 -0.005877
16.290000 -0.005846
16.300000 -0.005816
16.310000 -0.005785
16.320000 -0.005755
16.330000 -0.005725
16.340000 -0.005695
16.350000 -0.005664
16.360000 -0.005634
16.370000 -0.005604
16.380000 -0.005574
16.390000 -0.005544
16.400000 -0.005515
16.410000 -0.005485
16.420000 -0.005455
16.430000 -0.005426
16.440000 -0.005396
16.450000 -0.005367
16.460000 -0.005338
16.470000 -0.005308
16.480000 -0.005279
16.490000 -0.005250
16.500000 -0.005221
16.510000 -0.005192
16.520000 -0.005163
16.530000 -0.005134
16.540000 -0.005105
16.550000 -0.005077
16.560000 -0.005048
16.570000 -0.005019
16.580000 -0.004991
16.590000 -0.004963
16.600000 -0.004934
16.610000 -0.004906
16.620000 -0.004878
16.630000 -0.004850
16.640000 -0.004822
16.650000 -0.004795
16.660000 -0.004767
16.670000 -0.004739
16.680000 -0.004712
16.690000 -0.004684
16.700000 -0.004657
16.710000 -0.004630
16.720000 -0.004602
16.730000 -0.004575
16.740000 -0.004548
16.750000 -0.004521
16.760000 -0.004494
16.770000 -0.004467
16.780000 -0.004440
16.790000 -0.004413
16.800000 -0.004387
16.810000 -0.004360
16.820000 -0.004333
16.830000 -0.004307
16.840000 -0.004280
16.850000 -0.004254
16.860000 -0.004227
16.870000 -0.004201
16.880000 -0.004175
16.890000 -0.004149
16.900000 -0.004123
16.910000 -0.004097
16.920000 -0.004071
16.930000 -0.004045
16.940000 -0.004019
16.950000 -0.003993
16.960000 -0.003967
16.970000 -0.003942
16.980000 -0.003916
16.990000 -0.003890
17.000000 -0.003865
17.010000 -0.003840
17.020000 -0.003814
17.030000 -0.003789
17.040000 -0.003764
17.050000 -0.003739
17.060000 -0.003714
17.070000 -0.003690
17.080000 -0.003665
17.090000 -0.003640
17.100000 -0.003616
17.110000 -0.003591
17.120000 -0.003567
17.130000 -0.003542
17.140000 -0.003518
17.150000 -0.003494
17.160000 -0.003470
17.170000 -0.003446
17.180000 -0.003422
17.190000 -0.003398
17.200000 -0.003375
17.210000 -0.003351
17.220000 -0.003328
17.230000 -0.003304
17.240000 -0.003281
17.250000 -0.003258
17.260000 -0.003235
17.270000 -0.003212
17.280000 -0.003189
17.290000 -0.003166
17.300000 -0.003144
17.310000 -0.003121
17.320000 -0.003098
17.330000 -0.003076
17.340000 -0.003053
17.350000 -0.003030
17.360000 -0.003008
17.370000 -0.002985
17.380000 -0.002963
17.390000 -0.002941
17.400000 -0.002918
17.410000 -0.002896
17.420000 -0.002874
17.430000 -0.002851
17.440000 -0.002829
17.450000 -0.002807
17.460000 -0.002785
17.470000 -0.002763
17.480000 -0.002741
17.490000 -0.002719
17.500000 -0.002697
17.510000 -0.002675
17.520000 -0.002653
17.530000 -0.002631
17.540000 -0.002610
17.550000 -0.002588
17.560000 -0.002566
17.570000 -0.002545
17.580000 -0.002523
17.590000 -0.002502
17.600000 -0.002480
17.610000 -0.002459
17.620000 -0.002438
17.630000 -0.002416
17.640000 -0.002395
17.650000 -0.002374
17.660000 -0.002353
17.670000 -0.002332
17.680000 -0.002311
17.690000 -0.002290
17.700000 -0.002269
17.710000 -0.002249
17.720000 -0.002228
17.730000 -0.002208
17.740000 -0.002188
17.750000 -0.002167
17.760000 -0.002147
17.770000 -0.002127
17.780000 -0.002107
17.790000 -0.002087
17.800000 -0.002068
17.810000 -0.002048
17.820000 -0.002028
17.830000 -0.002009
17.840000 -0.001989
17.850000 -0.001970
17.860000 -0.001950
17.870000 -0.001931
17.880000 -0.001912
17.890000 -0.001893
17.900000 -0.001874
17.910000 -0.001855
17.920000 -0.001836
17.930000 -0.001817
17.940000 -0.001798
17.950000 -0.001779
17.960000 -0.001760
17.970000 -0.001742
17.980000 -0.001723
17.990000 -0.001705
18.000000 -0.001686
18.010000 -0.001668
18.020000 -0.001650
18.030000 -0.001632
18.040000 -0.001614
18.050000 -0.001596
18.060000 -0.001578
18.070000 -0.001560
18.080000 -0.001542
18.090000 -0.001525
18.100000 -0.001507
18.110000 -0.001489
18.120000 -0.001471
18.130000 -0.001454
18.140000 -0.001436
18.150000 -0.001419
18.160000 -0.001401
18.170000 -0.001383
18.180000 -0.001366
18.190000 -0.001348
18.200000 -0.001331
18.210000 -0.001314
18.220000 -0.001296
18.230000 -0.001279
18.240000 -0.001262
18.250000 -0.001245
18.260000 -0.001228
18.270000 -0.001211
18.280000 -0.001194
18.290000 -0.001177
18.300000 -0.001160
18.310000 -0.001143
18.320000 -0.001126
18.330000 -0.001110
18.340000 -0.001093
18.350000 -0.001076
18.360000 -0.001059
18.370000 -0.001043
18.380000 -0.001026
18.390000 -0.001010
18.400000 -0.000993
18.410000 -0.000976
18.420000 -0.000960
18.430000 -0.000943
18.440000 -0.000927
18.450000 -0.000911
18.460000 -0.000894
18.470000 -0.000878
18.480000 -0.000862
18.490000 -0.000846
18.500000 -0.000829
18.510000 -0.000813
18.520000 -0.000798
18.530000 -0.000782
18.540000 -0.000766
18.550000 -0.000750
18.560000 -0.000735
18.570000 -0.000719
18.580000 -0.000704
18.590000 -0.000689
18.600000 -0.000673
18.610000 -0.000658
18.620000 -0.000643
18.630000 -0.000627
18.640000 -0.000612
18.650000 -0.000597
18.660000 -0.000582
18.670000 -0.000567
18.680000 -0.000552
18.690000 -0.000536
18.700000 -0.000521
18.710000 -0.000506
18.720000 -0.000491
18.730000 -0.000476
18.740000 -0.000461
18.750000 -0.000446
18.760000 -0.000432
18.770000 -0.000417
18.780000 -0.000402
18.790000 -0.000387
18.800000 -0.000373
18.810000 -0.000358
18.820000 -0.000343
18.830000 -0.000329
18.840000 -0.000314
18.850000 -0.000300
18.860000 -0.000286
18.870000 -0.000272
18.880000 -0.000258
18.890000 -0.000244
18.900000 -0.000230
18.910000 -0.000216
18.920000 -0.000202
18.930000 -0.000188
18.940000 -0.000175
18.950000 -0.000161
18.960000 -0.000148
18.970000 -0.000134
18.980000 -0.000121
18.990000 -0.000108
19.000000 -0.000095
19.010000 -0.000082
19.020000 -0.000069
19.030000 -0.000056
19.040000 -0.000043
19.050000 -0.000031
19.060000 -0.000018
19.070000 -0.000006
19.080000 0.000007
19.090000 0.000019
19.100000 0.000031
19.110000 0.000043
19.120000 0.000055
19.130000 0.000067
19.140000 0.000078
19.150000 0.000090
19.160000 0.000101
19.170000 0.000113
19.180000 0.000124
19.190000 0.000135
19.200000 0.000147
19.210000 0.000158
19.220000 0.000169
19.230000 0.000180
19.240000 0.000191
19.250000 0.000201
19.260000 0.000212
19.270000 0.000223
19.280000 0.000233
19.290000 0.000244
19.300000 0.000254
19.310000 0.000265
19.320000 0.000275
19.330000 0.000285
19.340000 0.000295
19.350000 0.000305
19.360000 0.000315
19.370000 0.000325
19.380000 0.000334
19.390000 0.000344
19.400000 0.000354
19.410000 0.000363
19.420000 0.000373
19.430000 0.000382
19.440000 0.000392
19.450000 0.000401
19.460000 0.000411
19.470000 0.000420
19.480000 0.000429
19.490000 0.000438
19.500000 0.000448
19.510000 0.000457
19.520000 0.000466
19.530000 0.000475
19.540000 0.000484
19.550000 0.000493
19.560000 0.000502
19.570000 0.000510
19.580000 0.000519
19.590000 0.000528
19.600000 0.000537
19.610000 0.000546
19.620000 0.000555
19.630000 0.000563
19.640000 0.000572
19.650000 0.000581
19.660000 0.000590
19.670000 0.000598
19.680000 0.000607
19.690000 0.000616
19.700000 0.000624
19.710000 0.000632
19.720000 0.000641
19.730000 0.000649
19.740000 0.000657
19.750000 0.000665
19.760000 0.000674
19.770000 0.000682
19.780000 0.000689
19.790000 0.000697
19.800000 0.000705
19.810000 0.000713
19.820000 0.000720
19.830000 0.000728
19.840000 0.000735
19.850000 0.000742
19.860000 0.000750
19.870000 0.000757
19.880000 0.000764
19.890000 0.000771
19.900000 0.000778
19.910000 0.000785
19.920000 0.000792
19.930000 0.000798
19.940000 0.000805
19.950000 0.000812
19.960000 0.000818
19.970000 0.000825
19.980000 0.000831
19.990000 0.000837
20.000000 0.000844
20.010000 0.000850
20.020000 0.000856
20.030000 0.000862
20.040000 0.000868
20.050000 0.000874
20.060000 0.000880
20.070000 0.000886
20.080000 0.000892
20.090000 0.000898
20.100000 0.000904
20.110000 0.000909
20.120000 0.000915
20.130000 0.000921
20.140000 0.000927
20.150000 0.000932
20.160000 0.000938
20.170000 0.000943
20.180000 0.000949
20.190000 0.000954
20.200000 0.000960
20.210000 0.000965
20.220000 0.000970
20.230000 0.000975
20.240000 0.000980
20.250000 0.000985
20.260000 0.000990
20.270000 0.000995
20.280000 0.001000
20.290000 0.001004
20.300000 0.001009
20.310000 0.001013
20.320000 0.001018
20.330000 0.001022
20.340000 0.001027
20.350000 0.001031
20.360000 0.001035
20.370000 0.001039
20.380000 0.001043
20.390000 0.001047
20.400000 0.001051
20.410000 0.001055
20.420000 0.001058
20.430000 0.001062
20.440000 0.001066
20.450000 0.001069
20.460000 0.001073
20.470000 0.001076
20.480000 0.001080
20.490000 0.001083
20.500000 0.001086
20.510000 0.001090
20.520000 0.001093
20.530000 0.001096
20.540000 0.001099
20.550000 0.001102
20.560000 0.001105
20.570000 0.001108
20.580000 0.001111
20.590000 0.001114
20.600000 0.001117
20.610000 0.001120
20.620000 0.001123
20.630000 0.001126
20.640000 0.001129
20.650000 0.001132
20.660000 0.001135
20.670000 0.001137
20.680000 0.001140
20.690000 0.001143
20.700000 0.001145
20.710000 0.001148
20.720000 0.001150
20.730000 0.001153
20.740000 0.001155
20.750000 0.001158
20.760000 0.001160
20.770000 0.001162
20.780000 0.001164
20.790000 0.001166
20.800000 0.001168
20.810000 0.001170
20.820000 0.001172
20.830000 0.001174
20.840000 0.001176
20.850000 0.001178
20.860000 0.001179
20.870000 0.001181
20.880000 0.001183
20.890000 0.001184
20.900000 0.001185
20.910000 0.001187
20.920000 0.001188
20.930000 0.001189
20.940000 0.001191
20.950000 0.001192
20.960000 0.001193
20.970000 0.001194
20.980000 0.001195
20.990000 0.001196
21.000000 0.001197
21.010000 0.001198
21.020000 0.001199
21.030000 0.001200
21.040000 0.001201
21.050000 0.001202
21.060000 0.001203
21.070000 0.001204
21.080000 0.001205
21.090000 0.001206
21.100000 0.001207
21.110000 0.001208
21.120000 0.001209
21.130000 0.001210
21.140000 0.001212
21.150000 0.001213
21.160000 0.001214
21.170000 0.001215
21.180000 0.001216
21.190000 0.001217
21.200000 0.001219
21.210000 0.001220
21.220000 0.001221
21.230000 0.001223
21.240000 0.001224
21.250000 0.001225
21.260000 0.001227
21.270000 0.001228
21.280000 0.001229
21.290000 0.001231
21.300000 0.001232
21.310000 0.001233
21.320000 0.001234
21.330000 0.001236
21.340000 0.001237
21.350000 0.001238
21.360000 0.001239
21.370000 0.001240
21.380000 0.001242
21.390000 0.001243
21.400000 0.001244
21.410000 0.001245
21.420000 0.001246
21.430000 0.001247
21.440000 0.001248
21.450000 0.001249
21.460000 0.001249
21.470000 0.001250
21.480000 0.001251
21.490000 0.001252
21.500000 0.001253
21.510000 0.001253
21.520000 0.001254
21.530000 0.001255
21.540000 0.001255
21.550000 0.001256
21.560000 0.001256
21.570000 0.001257
21.580000 0.001257
21.590000 0.001258
21.600000 0.001259
21.610000 0.001259
21.620000 0.001260
21.630000 0.001260
21.640000 0.001261
21.650000 0.001261
21.660000 0.001262
21.670000 0.001262
21.680000 0.001263
21.690000 0.001263
21.700000 0.001264
21.710000 0.001264
21.720000 0.001265
21.730000 0.001265
21.740000 0.001266
21.750000 0.001266
21.760000 0.001266
21.770000 0.001266
21.780000 0.001267
21.790000 0.001267
21.800000 0.001267
21.810000 0.001267
21.820000 0.001267
21.830000 0.001267
21.840000 0.001267
21.850000 0.001266
21.860000 0.001266
21.870000 0.001266
21.880000 0.001265
21.890000 0.001265
21.900000 0.001264
21.910000 0.001264
21.920000 0.001263
21.930000 0.001263
21.940000 0.001262
21.950000 0.001262
21.960000 0.001261
21.970000 0.001261
21.980000 0.001261
21.990000 0.001260
22.000000 0.001260
22.010000 0.001259
22.020000 0.001259
22.030000 0.001258
22.040000 0.001258
22.050000 0.001257
22.060000 0.001256
22.070000 0.001256
22.080000 0.001255
22.090000 0.001254
22.100000 0.001253
22.110000 0.001253
22.120000 0.001252
22.130000 0.001251
22.140000 0.001250
22.150000 0.001249
22.160000 0.001248
22.170000 0.001247
22.180000 0.001246
22.190000 0.001245
22.200000 0.001244
22.210000 0.001243
22.220000 0.001242
22.230000 0.001241
22.240000 0.001239
22.250000 0.001238
22.260000 0.001237
22.270000 0.001236
22.280000 0.001235
22.290000 0.001233
22.300000 0.001232
22.310000 0.001231
22.320000 0.001230
22.330000 0.001229
22.340000 0.001228
22.350000 0.001226
22.360000 0.001225
22.370000 0.001224
22.380000 0.001223
22.390000 0.001222
22.400000 0.001221
22.410000 0.001220
22.420000 0.001219
22.430000 0.001218
22.440000 0.001217
22.450000 0.001216
22.460000 0.001215
22.470000 0.001214
22.480000 0.001213
22.490000 0.001212
22.500000 0.001211
22.510000 0.001210
22.520000 0.001209
22.530000 0.001208
22.540000 0.001207
22.550000 0.001206
22.560000 0.001205
22.570000 0.001204
22.580000 0.001203
22.590000 0.001202
22.600000 0.001201
22.610000 0.001200
22.620000 0.001199
22.630000 0.001198
22.640000 0.001197
22.650000 0.001196
22.660000 0.001195
22.670000 0.001194
22.680000 0.001193
22.690000 0.001192
22.700000 0.001190
22.710000 0.001189
22.720000 0.001188
22.730000 0.001187
22.740000 0.001186
22.750000 0.001184
22.760000 0.001183
22.770000 0.001182
22.780000 0.001181
22.790000 0.001179
22.800000 0.001178
22.810000 0.001177
22.820000 0.001175
22.830000 0.001173
22.840000 0.001172
22.850000 0.001170
22.860000 0.001169
22.870000 0.001167
22.880000 0.001165
22.890000 0.001163
22.900000 0.001161
22.910000 0.001159
22.920000 0.001157
22.930000 0.001155
22.940000 0.001153
22.950000 0.001151
22.960000 0.001149
22.970000 0.001147
22.980000 0.001145
22.990000 0.001143
23.000000 0.001140
23.010000 0.001138
23.020000 0.001136
23.030000 0.001134
23.040000 0.001132
23.050000 0.001130
23.060000 0.001128
23.070000 0.001126
23.080000 0.001124
23.090000 0.001122
23.100000 0.001120
23.110000 0.001118
23.120000 0.001116
23.130000 0.001114
23.140000 0.001112
23.150000 0.001110
23.160000 0.001108
23.170000 0.001107
23.180000 0.001105
23.190000 0.001103
23.200000 0.001101
23.210000 0.001099
23.220000 0.001097
23.230000 0.001095
23.240000 0.001094
23.250000 0.001092
23.260000 0.001090
23.270000 0.001088
23.280000 0.001086
23.290000 0.001085
23.300000 0.001083
23.310000 0.001081
23.320000 0.001079
23.330000 0.001078
23.340000 0.001076
23.350000 0.001074
23.360000 0.001072
23.370000 0.001071
23.380000 0.001069
23.390000 0.001067
23.400000 0.001065
23.410000 0.001064
23.420000 0.001062
23.430000 0.001060
23.440000 0.001058
23.450000 0.001056
23.460000 0.001054
23.470000 0.001052
23.480000 0.001050
23.490000 0.001049
23.500000 0.001047
23.510000 0.001045
23.520000 0.001043
23.530000 0.001041
23.540000 0.001040
23.550000 0.001038
23.560000 0.001036
23.570000 0.001035
23.580000 0.001033
23.590000 0.001031
23.600000 0.001030
23.610000 0.001028
23.620000 0.001026
23.630000 0.001024
23.640000 0.001023
23.650000 0.001021
23.660000 0.001019
23.670000 0.001017
23.680000 0.001016
23.690000 0.001014
23.700000 0.001012
23.710000 0.001011
23.720000 0.001009
23.730000 0.001008
23.740000 0.001006
23.750000 0.001005
23.760000 0.001004
23.770000 0.001002
23.780000 0.001001
23.790000 0.001000
23.800000 0.000999
23.810000 0.000998
23.820000 0.000997
23.830000 0.000997
23.840000 0.000996
23.850000 0.000995
23.860000 0.000995
23.870000 0.000994
23.880000 0.000994
23.890000 0.000993
23.900000 0.000993
23.910000 0.000993
23.920000 0.000992
23.930000 0.000992
23.940000 0.000992
23.950000 0.000991
23.960000 0.000991
23.970000 0.000990
23.980000 0.000990
23.990000 0.000990
24.000000 0.000989
24.010000 0.000989
24.020000 0.000988
24.030000 0.000988
24.040000 0.000987
24.050000 0.000987
24.060000 0.000987
24.070000 0.000986
24.080000 0.000986
24.090000 0.000985
24.100000 0.000985
24.110000 0.000984
24.120000 0.000984
24.130000 0.000983
24.140000 0.000983
24.150000 0.000982
24.160000 0.000982
24.170000 0.000981
24.180000 0.000981
24.190000 0.000980
24.200000 0.000980
24.210000 0.000979
24.220000 0.000978
24.230000 0.000978
24.240000 0.000977
24.250000 0.000977
24.260000 0.000976
24.270000 0.000976
24.280000 0.000975
24.290000 0.000975
24.300000 0.000974
24.310000 0.000974
24.320000 0.000973
24.330000 0.000973
24.340000 0.000973
24.350000 0.000972
24.360000 0.000972
24.370000 0.000971
24.380000 0.000971
24.390000 0.000971
24.400000 0.000970
24.410000 0.000970
24.420000 0.000969
24.430000 0.000968
24.440000 0.000968
24.450000 0.000967
24.460000 0.000966
24.470000 0.000965
24.480000 0.000964
24.490000 0.000963
24.500000 0.000962
24.510000 0.000960
24.520000 0.000959
24.530000 0.000957
24.540000 0.000956
24.550000 0.000954
24.560000 0.000953
24.570000 0.000951
24.580000 0.000949
24.590000 0.000947
24.600000 0.000945
24.610000 0.000944
24.620000 0.000942
24.630000 0.000940
24.640000 0.000938
24.650000 0.000936
24.660000 0.000934
24.670000 0.000932
24.680000 0.000930
24.690000 0.000928
24.700000 0.000926
24.710000 0.000924
24.720000 0.000922
24.730000 0.000920
24.740000 0.000918
24.750000 0.000916
24.760000 0.000914
24.770000 0.000912
24.780000 0.000910
24.790000 0.000908
24.800000 0.000906
24.810000 0.000904
24.820000 0.000903
24.830000 0.000901
24.840000 0.000899
24.850000 0.000897
24.860000 0.000895
24.870000 0.000893
24.880000 0.000892
24.890000 0.000890
24.900000 0.000888
24.910000 0.000886
24.920000 0.000885
24.930000 0.000883
24.940000 0.000881
24.950000 0.000879
24.960000 0.000878
24.970000 0.000876
24.980000 0.000874
24.990000 0.000873
25.000000 0.000871
25.010000 0.000869
25.020000 0.000868
25.030000 0.000866
25.040000 0.000864
25.050000 0.000863
25.060000 0.000861
25.070000 0.000859
25.080000 0.000858
25.090000 0.000856
25.100000 0.000855
25.110000 0.000853
25.120000 0.000852
25.130000 0.000850
25.140000 0.000849
25.150000 0.000848
25.160000 0.000846
25.170000 0.000845
25.180000 0.000844
25.190000 0.000843
25.200000 0.000841
25.210000 0.000840
25.220000 0.000839
25.230000 0.000838
25.240000 0.000837
25.250000 0.000836
25.260000 0.000834
25.270000 0.000833
25.280000 0.000832
25.290000 0.000831
25.300000 0.000830
25.310000 0.000828
25.320000 0.000827
25.330000 0.000826
25.340000 0.000825
25.350000 0.000823
25.360000 0.000822
25.370000 0.000821
25.380000 0.000819
25.390000 0.000818
25.400000 0.000817
25.410000 0.000815
25.420000 0.000814
25.430000 0.000812
25.440000 0.000811
25.450000 0.000809
25.460000 0.000807
25.470000 0.000806
25.480000 0.000804
25.490000 0.000802
25.500000 0.000800
25.510000 0.000798
25.520000 0.000796
25.530000 0.000794
25.540000 0.000792
25.550000 0.000790
25.560000 0.000788
25.570000 0.000786
25.580000 0.000784
25.590000 0.000782
25.600000 0.000780
25.610000 0.000777
25.620000 0.000775
25.630000 0.000773
25.640000 0.000771
25.650000 0.000769
25.660000 0.000766
25.670000 0.000764
25.680000 0.000762
25.690000 0.000760
25.700000 0.000758
25.710000 0.000756
25.720000 0.000754
25.730000 0.000751
25.740000 0.000749
25.750000 0.000747
25.760000 0.000745
25.770000 0.000743
25.780000 0.000741
25.790000 0.000739
25.800000 0.000737
25.810000 0.000735
25.820000 0.000733
25.830000 0.000731
25.840000 0.000729
25.850000 0.000727
25.860000 0.000725
25.870000 0.000723
25.880000 0.000721
25.890000 0.000719
25.900000 0.000716
25.910000 0.000714
25.920000 0.000712
25.930000 0.000710
25.940000 0.000707
25.950000 0.000705
25.960000 0.000703
25.970000 0.000701
25.980000 0.000698
25.990000 0.000696
26.000000 0.000694
26.010000 0.000691
26.020000 0.000689
26.030000 0.000687
26.040000 0.000685
26.050000 0.000683
26.060000 0.000680
26.070000 0.000678
26.080000 0.000676
26.090000 0.000674
26.100000 0.000672
26.110000 0.000670
26.120000 0.000668
26.130000 0.000665
26.140000 0.000663
26.150000 0.000661
26.160000 0.000659
26.170000 0.000657
26.180000 0.000655
26.190000 0.000653
26.200000 0.000651
26.210000 0.000649
26.220000 0.000647
26.230000 0.000645
26.240000 0.000643
26.250000 0.000641
26.260000 0.000639
26.270000 0.000636
26.280000 0.000634
26.290000 0.000632
26.300000 0.000630
26.310000 0.000628
26.320000 0.000626
26.330000 0.000624
26.340000 0.000622
26.350000 0.000620
26.360000 0.000618
26.370000 0.000617
26.380000 0.000615
26.390000 0.000613
26.400000 0.000611
26.410000 0.000610
26.420000 0.000608
26.430000 0.000606
26.440000 0.000605
26.450000 0.000603
26.460000 0.000602
26.470000 0.000600
26.480000 0.000599
26.490000 0.000598
26.500000 0.000597
26.510000 0.000595
26.520000 0.000594
26.530000 0.000593
26.540000 0.000592
26.550000 0.000591
26.560000 0.000590
26.570000 0.000589
26.580000 0.000589
26.590000 0.000588
26.600000 0.000587
26.610000 0.000586
26.620000 0.000586
26.630000 0.000585
26.640000 0.000584
26.650000 0.000583
26.660000 0.000582
26.670000 0.000581
26.680000 0.000581
26.690000 0.000580
26.700000 0.000579
26.710000 0.000578
26.720000 0.000577
26.730000 0.000576
26.740000 0.000575
26.750000 0.000574
26.760000 0.000573
26.770000 0.000572
26.780000 0.000571
26.790000 0.000570
26.800000 0.000569
26.810000 0.000568
26.820000 0.000567
26.830000 0.000567
26.840000 0.000566
26.850000 0.000565
26.860000 0.000564
26.870000 0.000563
26.880000 0.000563
26.890000 0.000562
26.900000 0.000562
26.910000 0.000561
26.920000 0.000560
26.930000 0.000560
26.940000 0.000559
26.950000 0.000559
26.960000 0.000558
26.970000 0.000558
26.980000 0.000557
26.990000 0.000557
27.000000 0.000556
27.010000 0.000555
27.020000 0.000554
27.030000 0.000553
27.040000 0.000552
27.050000 0.000551
27.060000 0.000550
27.070000 0.000549
27.080000 0.000548
27.090000 0.000547
27.100000 0.000546
27.110000 0.000545
27.120000 0.000544
27.130000 0.000543
27.140000 0.000542
27.150000 0.000540
27.160000 0.000539
27.170000 0.000538
27.180000 0.000537
27.190000 0.000536
27.200000 0.000535
27.210000 0.000534
27.220000 0.000533
27.230000 0.000531
27.240000 0.000530
27.250000 0.000529
27.260000 0.000528
27.270000 0.000526
27.280000 0.000525
27.290000 0.000524
27.300000 0.000522
27.310000 0.000521
27.320000 0.000519
27.330000 0.000517
27.340000 0.000516
27.350000 0.000514
27.360000 0.000512
27.370000 0.000510
27.380000 0.000508
27.390000 0.000507
27.400000 0.000505
27.410000 0.000502
27.420000 0.000500
27.430000 0.000498
27.440000 0.000496
27.450000 0.000494
27.460000 0.000492
27.470000 0.000490
27.480000 0.000487
27.490000 0.000485
27.500000 0.000483
27.510000 0.000480
27.520000 0.000478
27.530000 0.000476
27.540000 0.000473
27.550000 0.000471
27.560000 0.000468
27.570000 0.000466
27.580000 0.000463
27.590000 0.000461
27.600000 0.000459
27.610000 0.000456
27.620000 0.000454
27.630000 0.000451
27.640000 0.000449
27.650000 0.000447
27.660000 0.000445
27.670000 0.000442
27.680000 0.000440
27.690000 0.000438
27.700000 0.000435
27.710000 0.000433
27.720000 0.000431
27.730000 0.000428
27.740000 0.000426
27.750000 0.000423
27.760000 0.000421
27.770000 0.000418
27.780000 0.000416
27.790000 0.000413
27.800000 0.000411
27.810000 0.000408
27.820000 0.000406
27.830000 0.000403
27.840000 0.000401
27.850000 0.000399
27.860000 0.000396
27.870000 0.000394
27.880000 0.000391
27.890000 0.000389
27.900000 0.000387
27.910000 0.000384
27.920000 0.000382
27.930000 0.000379
27.940000 0.000377
27.950000 0.000374
27.960000 0.000372
27.970000 0.000369
27.980000 0.000367
27.990000 0.000364
28.000000 0.000361
28.010000 0.000358
28.020000 0.000356
28.030000 0.000353
28.040000 0.000350
28.050000 0.000347
28.060000 0.000344
28.070000 0.000341
28.080000 0.000337
28.090000 0.000334
28.100000 0.000331
28.110000 0.000328
28.120000 0.000324
28.130000 0.000321
28.140000 0.000317
28.150000 0.000314
28.160000 0.000310
28.170000 0.000306
28.180000 0.000303
28.190000 0.000299
28.200000 0.000296
28.210000 0.000292
28.220000 0.000288
28.230000 0.000285
28.240000 0.000281
28.250000 0.000278
28.260000 0.000274
28.270000 0.000271
28.280000 0.000267
28.290000 0.000264
28.300000 0.000261
28.310000 0.000258
28.320000 0.000255
28.330000 0.000251
28.340000 0.000248
28.350000 0.000246
28.360000 0.000243
28.370000 0.000240
28.380000 0.000237
28.390000 0.000234
28.400000 0.000232
28.410000 0.000229
28.420000 0.000226
28.430000 0.000224
28.440000 0.000221
28.450000 0.000219
28.460000 0.000216
28.470000 0.000214
28.480000 0.000212
28.490000 0.000209
28.500000 0.000207
28.510000 0.000205
28.520000 0.000202
28.530000 0.000200
28.540000 0.000198
28.550000 0.000196
28.560000 0.000194
28.570000 0.000192
28.580000 0.000190
28.590000 0.000188
28.600000 0.000186
28.610000 0.000184
28.620000 0.000182
28.630000 0.000180
28.640000 0.000178
28.650000 0.000176
28.660000 0.000174
28.670000 0.000173
28.680000 0.000171
28.690000 0.000169
28.700000 0.000167
28.710000 0.000166
28.720000 0.000164
28.730000 0.000162
28.740000 0.000161
28.750000 0.000159
28.760000 0.000157
28.770000 0.000156
28.780000 0.000154
28.790000 0.000153
28.800000 0.000151
28.810000 0.000150
28.820000 0.000149
28.830000 0.000147
28.840000 0.000146
28.850000 0.000145
28.860000 0.000143
28.870000 0.000142
28.880000 0.000141
28.890000 0.000140
28.900000 0.000139
28.910000 0.000138
28.920000 0.000137
28.930000 0.000136
28.940000 0.000135
28.950000 0.000134
28.960000 0.000133
28.970000 0.000132
28.980000 0.000130
28.990000 0.000130
29.000000 0.000129
29.010000 0.000128
29.020000 0.000127
29.030000 0.000126
29.040000 0.000125
29.050000 0.000124
29.060000 0.000123
29.070000 0.000122
29.080000 0.000121
29.090000 0.000120
29.100000 0.000119
29.110000 0.000119
29.120000 0.000118
29.130000 0.000117
29.140000 0.000116
29.150000 0.000115
29.160000 0.000114
29.170000 0.000113
29.180000 0.000113
29.190000 0.000112
29.200000 0.000111
29.210000 0.000110
29.220000 0.000109
29.230000 0.000108
29.240000 0.000107
29.250000 0.000106
29.260000 0.000105
29.270000 0.000104
29.280000 0.000103
29.290000 0.000102
29.300000 0.000100
29.310000 0.000099
29.320000 0.000098
29.330000 0.000097
29.340000 0.000096
29.350000 0.000095
29.360000 0.000094
29.370000 0.000093
29.380000 0.000091
29.390000 0.000090
29.400000 0.000089
29.410000 0.000089
29.420000 0.000088
29.430000 0.000087
29.440000 0.000086
29.450000 0.000086
29.460000 0.000085
29.470000 0.000084
29.480000 0.000084
29.490000 0.000083
29.500000 0.000083
29.510000 0.000082
29.520000 0.000082
29.530000 0.000082
29.540000 0.000081
29.550000 0.000081
29.560000 0.000081
29.570000 0.000080
29.580000 0.000080
29.590000 0.000080
29.600000 0.000079
29.610000 0.000079
29.620000 0.000078
29.630000 0.000078
29.640000 0.000077
29.650000 0.000077
29.660000 0.000076
29.670000 0.000076
29.680000 0.000075
29.690000 0.000074
29.700000 0.000073
29.710000 0.000073
29.720000 0.000072
29.730000 0.000071
29.740000 0.000070
29.750000 0.000069
29.760000 0.000068
29.770000 0.000067
29.780000 0.000066
29.790000 0.000065
29.800000 0.000064
29.810000 0.000063
29.820000 0.000061
29.830000 0.000060
29.840000 0.000059
29.850000 0.000058
29.860000 0.000056
29.870000 0.000055
29.880000 0.000054
29.890000 0.000052
29.900000 0.000051
29.910000 0.000050
29.920000 0.000048
29.930000 0.000047
29.940000 0.000046
29.950000 0.000044
29.960000 0.000043
29.970000 0.000042
29.980000 0.000040
29.990000 0.000039
30.000000 0.000038
30.010000 0.000037
30.020000 0.000035
30.030000 0.000034
30.040000 0.000032
30.050000 0.000031
30.060000 0.000030
30.070000 0.000028
30.080000 0.000027
30.090000 0.000025
30.100000 0.000024
30.110000 0.000023
30.120000 0.000021
30.130000 0.000020
30.140000 0.000019
30.150000 0.000017
30.160000 0.000016
30.170000 0.000015
30.180000 0.000013
30.190000 0.000012
30.200000 0.000011
30.210000 0.000009
30.220000 0.000008
30.230000 0.000006
30.240000 0.000005
30.250000 0.000004
30.260000 0.000002
30.270000 0.000001
30.280000 -0.000001
30.290000 -0.000002
30.300000 -0.000004
30.310000 -0.000006
30.320000 -0.000007
30.330000 -0.000009
30.340000 -0.000011
30.350000 -0.000013
30.360000 -0.000015
30.370000 -0.000017
30.380000 -0.000019
30.390000 -0.000021
30.400000 -0.000023
30.410000 -0.000025
30.420000 -0.000027
30.430000 -0.000029
30.440000 -0.000031
30.450000 -0.000034
30.460000 -0.000036
30.470000 -0.000038
30.480000 -0.000041
30.490000 -0.000043
30.500000 -0.000045
30.510000 -0.000048
30.520000 -0.000050
30.530000 -0.000052
30.540000 -0.000055
30.550000 -0.000057
30.560000 -0.000060
30.570000 -0.000062
30.580000 -0.000065
30.590000 -0.000067
30.600000 -0.000070
30.610000 -0.000072
30.620000 -0.000075
30.630000 -0.000078
30.640000 -0.000080
30.650000 -0.000083
30.660000 -0.000086
30.670000 -0.000088
30.680000 -0.000091
30.690000 -0.000094
30.700000 -0.000097
30.710000 -0.000099
30.720000 -0.000102
30.730000 -0.000105
30.740000 -0.000108
30.750000 -0.000111
30.760000 -0.000114
30.770000 -0.000116
30.780000 -0.000119
30.790000 -0.000122
30.800000 -0.000125
30.810000 -0.000128
30.820000 -0.000131
30.830000 -0.000133
30.840000 -0.000136
30.850000 -0.000138
30.860000 -0.000141
30.870000 -0.000143
30.880000 -0.000145
30.890000 -0.000147
30.900000 -0.000150
30.910000 -0.000152
30.920000 -0.000154
30.930000 -0.000155
30.940000 -0.000157
30.950000 -0.000159
30.960000 -0.000161
30.970000 -0.000163
30.980000 -0.000164
30.990000 -0.000166
31.000000 -0.000168
31.010000 -0.000169
31.020000 -0.000171
31.030000 -0.000173
31.040000 -0.000174
31.050000 -0.000176
31.060000 -0.000178
31.070000 -0.000180
31.080000 -0.000182
31.090000 -0.000184
31.100000 -0.000186
31.110000 -0.000188
31.120000 -0.000190
31.130000 -0.000192
31.140000 -0.000194
31.150000 -0.000196
31.160000 -0.000199
31.170000 -0.000201
31.180000 -0.000203
31.190000 -0.000205
31.200000 -0.000207
31.210000 -0.000209
31.220000 -0.000211
31.230000 -0.000213
31.240000 -0.000215
31.250000 -0.000217
31.260000 -0.000219
31.270000 -0.000220
31.280000 -0.000222
31.290000 -0.000224
31.300000 -0.000225
31.310000 -0.000226
31.320000 -0.000228
31.330000 -0.000229
31.340000 -0.000230
31.350000 -0.000231
31.360000 -0.000232
31.370000 -0.000233
31.380000 -0.000234
31.390000 -0.000235
31.400000 -0.000236
31.410000 -0.000236
31.420000 -0.000237
31.430000 -0.000238
31.440000 -0.000239
31.450000 -0.000240
31.460000 -0.000240
31.470000 -0.000241
31.480000 -0.000242
31.490000 -0.000243
31.500000 -0.000244
31.510000 -0.000245
31.520000 -0.000246
31.530000 -0.000247
31.540000 -0.000248
31.550000 -0.000249
31.560000 -0.000250
31.570000 -0.000251
31.580000 -0.000252
31.590000 -0.000253
31.600000 -0.000254
31.610000 -0.000255
31.620000 -0.000256
31.630000 -0.000257
31.640000 -0.000258
31.650000 -0.000259
31.660000 -0.000261
31.670000 -0.000262
31.680000 -0.000263
31.690000 -0.000264
31.700000 -0.000265
31.710000 -0.000266
31.720000 -0.000266
31.730000 -0.000267
31.740000 -0.000268
31.750000 -0.000269
31.760000 -0.000269
31.770000 -0.000270
31.780000 -0.000271
31.790000 -0.000271
31.800000 -0.000272
31.810000 -0.000272
31.820000 -0.000273
31.830000 -0.000273
31.840000 -0.000274
31.850000 -0.000274
31.860000 -0.000275
31.870000 -0.000275
31.880000 -0.000276
31.890000 -0.000276
31.900000 -0.000277
31.910000 -0.000278
31.920000 -0.000278
31.930000 -0.000279
31.940000 -0.000279
31.950000 -0.000280
31.960000 -0.000280
31.970000 -0.000281
31.980000 -0.000281
31.990000 -0.000282
32.000000 -0.000283
32.010000 -0.000283
32.020000 -0.000284
32.030000 -0.000284
32.040000 -0.000285
32.050000 -0.000285
32.060000 -0.000286
32.070000 -0.000286
32.080000 -0.000287
32.090000 -0.000288
32.100000 -0.000288
32.110000 -0.000289
32.120000 -0.000290
32.130000 -0.000291
32.140000 -0.000291
32.150000 -0.000292
32.160000 -0.000293
32.170000 -0.000293
32.180000 -0.000294
32.190000 -0.000295
32.200000 -0.000295
32.210000 -0.000296
32.220000 -0.000296
32.230000 -0.000297
32.240000 -0.000297
32.250000 -0.000298
32.260000 -0.000298
32.270000 -0.000298
32.280000 -0.000299
32.290000 -0.000299
32.300000 -0.000299
32.310000 -0.000299
32.320000 -0.000299
32.330000 -0.000300
32.340000 -0.000300
32.350000 -0.000300
32.360000 -0.000300
32.370000 -0.000300
32.380000 -0.000300
32.390000 -0.000301
32.400000 -0.000301
32.410000 -0.000301
32.420000 -0.000301
32.430000 -0.000302
32.440000 -0.000302
32.450000 -0.000302
32.460000 -0.000303
32.470000 -0.000303
32.480000 -0.000303
32.490000 -0.000304
32.500000 -0.000304
32.510000 -0.000304
32.520000 -0.000305
32.530000 -0.000305
32.540000 -0.000305
32.550000 -0.000306
32.560000 -0.000306
32.570000 -0.000307
32.580000 -0.000307
32.590000 -0.000308
32.600000 -0.000308
32.610000 -0.000309
32.620000 -0.000309
32.630000 -0.000310
32.640000 -0.000310
32.650000 -0.000311
32.660000 -0.000311
32.670000 -0.000312
32.680000 -0.000312
32.690000 -0.000313
32.700000 -0.000313
32.710000 -0.000313
32.720000 -0.000314
32.730000 -0.000314
32.740000 -0.000314
32.750000 -0.000314
32.760000 -0.000315
32.770000 -0.000315
32.780000 -0.000315
32.790000 -0.000315
32.800000 -0.000315
32.810000 -0.000315
32.820000 -0.000315
32.830000 -0.000315
32.840000 -0.000315
32.850000 -0.000315
32.860000 -0.000315
32.870000 -0.000316
32.880000 -0.000316
32.890000 -0.000316
32.900000 -0.000316
32.910000 -0.000316
32.920000 -0.000316
32.930000 -0.000317
32.940000 -0.000317
32.950000 -0.000317
32.960000 -0.000317
32.970000 -0.000318
32.980000 -0.000318
32.990000 -0.000318
33.000000 -0.000319
33.010000 -0.000319
33.020000 -0.000320
33.030000 -0.000320
33.040000 -0.000321
33.050000 -0.000321
33.060000 -0.000322
33.070000 -0.000323
33.080000 -0.000323
33.090000 -0.000324
33.100000 -0.000325
33.110000 -0.000326
33.120000 -0.000327
33.130000 -0.000328
33.140000 -0.000329
33.150000 -0.000330
33.160000 -0.000331
33.170000 -0.000332
33.180000 -0.000333
33.190000 -0.000334
33.200000 -0.000335
33.210000 -0.000336
33.220000 -0.000338
33.230000 -0.000339
33.240000 -0.000340
33.250000 -0.000341
33.260000 -0.000343
33.270000 -0.000344
33.280000 -0.000345
33.290000 -0.000347
33.300000 -0.000348
33.310000 -0.000349
33.320000 -0.000350
33.330000 -0.000351
33.340000 -0.000353
33.350000 -0.000354
33.360000 -0.000355
33.370000 -0.000356
33.380000 -0.000357
33.390000 -0.000358
33.400000 -0.000359
33.410000 -0.000360
33.420000 -0.000361
33.430000 -0.000362
33.440000 -0.000363
33.450000 -0.000364
33.460000 -0.000365
33.470000 -0.000366
33.480000 -0.000367
33.490000 -0.000367
33.500000 -0.000368
33.510000 -0.000369
33.520000 -0.000370
33.530000 -0.000371
33.540000 -0.000372
33.550000 -0.000374
33.560000 -0.000375
33.570000 -0.000376
33.580000 -0.000377
33.590000 -0.000378
33.600000 -0.000380
33.610000 -0.000381
33.620000 -0.000383
33.630000 -0.000384
33.640000 -0.000385
33.650000 -0.000387
33.660000 -0.000388
33.670000 -0.000389
33.680000 -0.000391
33.690000 -0.000392
33.700000 -0.000393
33.710000 -0.000394
33.720000 -0.000396
33.730000 -0.000397
33.740000 -0.000398
33.750000 -0.000399
33.760000 -0.000400
33.770000 -0.000401
33.780000 -0.000402
33.790000 -0.000403
33.800000 -0.000404
33.810000 -0.000405
33.820000 -0.000406
33.830000 -0.000407
33.840000 -0.000408
33.850000 -0.000409
33.860000 -0.000409
33.870000 -0.000410
33.880000 -0.000411
33.890000 -0.000412
33.900000 -0.000413
33.910000 -0.000413
33.920000 -0.000414
33.930000 -0.000415
33.940000 -0.000416
33.950000 -0.000416
33.960000 -0.000417
33.970000 -0.000418
33.980000 -0.000419
33.990000 -0.000419
34.000000 -0.000420
34.010000 -0.000421
34.020000 -0.000421
34.030000 -0.000422
34.040000 -0.000422
34.050000 -0.000423
34.060000 -0.000423
34.070000 -0.000424
34.080000 -0.000424
34.090000 -0.000424
34.100000 -0.000424
34.110000 -0.000425
34.120000 -0.000425
34.130000 -0.000425
34.140000 -0.000425
34.150000 -0.000425
34.160000 -0.000425
34.170000 -0.000425
34.180000 -0.000425
34.190000 -0.000424
34.200000 -0.000424
34.210000 -0.000424
34.220000 -0.000424
34.230000 -0.000424
34.240000 -0.000424
34.250000 -0.000424
34.260000 -0.000424
34.270000 -0.000424
34.280000 -0.000424
34.290000 -0.000424
34.300000 -0.000425
34.310000 -0.000425
34.320000 -0.000425
34.330000 -0.000425
34.340000 -0.000425
34.350000 -0.000425
34.360000 -0.000425
34.370000 -0.000426
34.380000 -0.000426
34.390000 -0.000426
34.400000 -0.000426
34.410000 -0.000426
34.420000 -0.000427
34.430000 -0.000427
34.440000 -0.000427
34.450000 -0.000428
34.460000 -0.000428
34.470000 -0.000429
34.480000 -0.000429
34.490000 -0.000430
34.500000 -0.000431
34.510000 -0.000431
34.520000 -0.000432
34.530000 -0.000433
34.540000 -0.000434
34.550000 -0.000434
34.560000 -0.000435
34.570000 -0.000436
34.580000 -0.000437
34.590000 -0.000438
34.600000 -0.000439
34.610000 -0.000440
34.620000 -0.000441
34.630000 -0.000442
34.640000 -0.000443
34.650000 -0.000444
34.660000 -0.000445
34.670000 -0.000446
34.680000 -0.000447
34.690000 -0.000448
34.700000 -0.000450
34.710000 -0.000451
34.720000 -0.000452
34.730000 -0.000453
34.740000 -0.000454
34.750000 -0.000454
34.760000 -0.000455
34.770000 -0.000456
34.780000 -0.000457
34.790000 -0.000458
34.800000 -0.000458
34.810000 -0.000459
34.820000 -0.000460
34.830000 -0.000461
34.840000 -0.000461
34.850000 -0.000462
34.860000 -0.000463
34.870000 -0.000464
34.880000 -0.000465
34.890000 -0.000466
34.900000 -0.000467
34.910000 -0.000468
34.920000 -0.000469
34.930000 -0.000470
34.940000 -0.000471
34.950000 -0.000472
34.960000 -0.000473
34.970000 -0.000474
34.980000 -0.000475
34.990000 -0.000476
35.000000 -0.000477
35.010000 -0.000478
35.020000 -0.000479
35.030000 -0.000480
35.040000 -0.000481
35.050000 -0.000482
35.060000 -0.000483
35.070000 -0.000484
35.080000 -0.000486
35.090000 -0.000487
35.100000 -0.000488
35.110000 -0.000489
35.120000 -0.000490
35.130000 -0.000491
35.140000 -0.000492
35.150000 -0.000493
35.160000 -0.000494
35.170000 -0.000495
35.180000 -0.000496
35.190000 -0.000497
35.200000 -0.000498
35.210000 -0.000499
35.220000 -0.000500
35.230000 -0.000501
35.240000 -0.000502
35.250000 -0.000502
35.260000 -0.000503
35.270000 -0.000503
35.280000 -0.000504
35.290000 -0.000505
35.300000 -0.000505
35.310000 -0.000506
35.320000 -0.000506
35.330000 -0.000507
35.340000 -0.000508
35.350000 -0.000508
35.360000 -0.000509
35.370000 -0.000509
35.380000 -0.000510
35.390000 -0.000511
35.400000 -0.000511
35.410000 -0.000512
35.420000 -0.000513
35.430000 -0.000513
35.440000 -0.000514
35.450000 -0.000514
35.460000 -0.000515
35.470000 -0.000515
35.480000 -0.000516
35.490000 -0.000516
35.500000 -0.000516
35.510000 -0.000517
35.520000 -0.000517
35.530000 -0.000517
35.540000 -0.000518
35.550000 -0.000518
35.560000 -0.000518
35.570000 -0.000519
35.580000 -0.000519
35.590000 -0.000519
35.600000 -0.000520
35.610000 -0.000520
35.620000 -0.000520
35.630000 -0.000521
35.640000 -0.000521
35.650000 -0.000521
35.660000 -0.000522
35.670000 -0.000522
35.680000 -0.000522
35.690000 -0.000523
35.700000 -0.000523
35.710000 -0.000524
35.720000 -0.000524
35.730000 -0.000524
35.740000 -0.000525
35.750000 -0.000525
35.760000 -0.000526
35.770000 -0.000527
35.780000 -0.000527
35.790000 -0.000528
35.800000 -0.000529
35.810000 -0.000529
35.820000 -0.000530
35.830000 -0.000531
35.840000 -0.000532
35.850000 -0.000532
35.860000 -0.000533
35.870000 -0.000534
35.880000 -0.000535
35.890000 -0.000536
35.900000 -0.000537
35.910000 -0.000537
35.920000 -0.000538
35.930000 -0.000539
35.940000 -0.000540
35.950000 -0.000541
35.960000 -0.000542
35.970000 -0.000543
35.980000 -0.000543
35.990000 -0.000544
36.000000 -0.000545
36.010000 -0.000546
36.020000 -0.000547
36.030000 -0.000548
36.040000 -0.000549
36.050000 -0.000549
36.060000 -0.000550
36.070000 -0.000551
36.080000 -0.000552
36.090000 -0.000553
36.100000 -0.000554
36.110000 -0.000555
36.120000 -0.000556
36.130000 -0.000556
36.140000 -0.000557
36.150000 -0.000558
36.160000 -0.000559
36.170000 -0.000560
36.180000 -0.000561
36.190000 -0.000562
36.200000 -0.000562
36.210000 -0.000563
36.220000 -0.000564
36.230000 -0.000565
36.240000 -0.000565
36.250000 -0.000566
36.260000 -0.000566
36.270000 -0.000567
36.280000 -0.000567
36.290000 -0.000568
36.300000 -0.000568
36.310000 -0.000569
36.320000 -0.000570
36.330000 -0.000570
36.340000 -0.000571
36.350000 -0.000571
36.360000 -0.000572
36.370000 -0.000573
36.380000 -0.000573
36.390000 -0.000574
36.400000 -0.000575
36.410000 -0.000576
36.420000 -0.000576
36.430000 -0.000577
36.440000 -0.000578
36.450000 -0.000579
36.460000 -0.000580
36.470000 -0.000581
36.480000 -0.000582
36.490000 -0.000583
36.500000 -0.000584
36.510000 -0.000585
36.520000 -0.000586
36.530000 -0.000587
36.540000 -0.000588
36.550000 -0.000589
36.560000 -0.000590
36.570000 -0.000591
36.580000 -0.000592
36.590000 -0.000593
36.600000 -0.000594
36.610000 -0.000595
36.620000 -0.000595
36.630000 -0.000596
36.640000 -0.000597
36.650000 -0.000598
36.660000 -0.000599
36.670000 -0.000600
36.680000 -0.000601
36.690000 -0.000601
36.700000 -0.000602
36.710000 -0.000603
36.720000 -0.000604
36.730000 -0.000605
36.740000 -0.000606
36.750000 -0.000607
36.760000 -0.000608
36.770000 -0.000609
36.780000 -0.000610
36.790000 -0.000611
36.800000 -0.000612
36.810000 -0.000613
36.820000 -0.000615
36.830000 -0.000616
36.840000 -0.000617
36.850000 -0.000618
36.860000 -0.000619
36.870000 -0.000621
36.880000 -0.000622
36.890000 -0.000623
36.900000 -0.000624
36.910000 -0.000626
36.920000 -0.000627
36.930000 -0.000628
36.940000 -0.000629
36.950000 -0.000631
36.960000 -0.000632
36.970000 -0.000633
36.980000 -0.000634
36.990000 -0.000635
37.000000 -0.000636
37.010000 -0.000637
37.020000 -0.000638
37.030000 -0.000639
37.040000 -0.000640
37.050000 -0.000641
37.060000 -0.000641
37.070000 -0.000642
37.080000 -0.000643
37.090000 -0.000644
37.100000 -0.000645
37.110000 -0.000646
37.120000 -0.000647
37.130000 -0.000648
37.140000 -0.000649
37.150000 -0.000649
37.160000 -0.000650
37.170000 -0.000651
37.180000 -0.000652
37.190000 -0.000653
37.200000 -0.000654
37.210000 -0.000655
37.220000 -0.000656
37.230000 -0.000657
37.240000 -0.000657
37.250000 -0.000658
37.260000 -0.000659
37.270000 -0.000660
37.280000 -0.000661
37.290000 -0.000662
37.300000 -0.000662
37.310000 -0.000663
37.320000 -0.000664
37.330000 -0.000665
37.340000 -0.000666
37.350000 -0.000667
37.360000 -0.000668
37.370000 -0.000669
37.380000 -0.000670
37.390000 -0.000671
37.400000 -0.000672
37.410000 -0.000673
37.420000 -0.000674
37.430000 -0.000676
37.440000 -0.000677
37.450000 -0.000679
37.460000 -0.000680
37.470000 -0.000681
37.480000 -0.000683
37.490000 -0.000684
37.500000 -0.000686
37.510000 -0.000688
37.520000 -0.000689
37.530000 -0.000691
37.540000 -0.000692
37.550000 -0.000694
37.560000 -0.000696
37.570000 -0.000697
37.580000 -0.000699
37.590000 -0.000701
37.600000 -0.000702
37.610000 -0.000704
37.620000 -0.000706
37.630000 -0.000707
37.640000 -0.000709
37.650000 -0.000710
37.660000 -0.000712
37.670000 -0.000714
37.680000 -0.000715
37.690000 -0.000717
37.700000 -0.000718
37.710000 -0.000720
37.720000 -0.000721
37.730000 -0.000722
37.740000 -0.000724
37.750000 -0.000725
37.760000 -0.000727
37.770000 -0.000728
37.780000 -0.000729
37.790000 -0.000731
37.800000 -0.000732
37.810000 -0.000733
37.820000 -0.000735
37.830000 -0.000736
37.840000 -0.000737
37.850000 -0.000738
37.860000 -0.000740
37.870000 -0.000741
37.880000 -0.000742
37.890000 -0.000743
37.900000 -0.000744
37.910000 -0.000745
37.920000 -0.000746
37.930000 -0.000747
37.940000 -0.000748
37.950000 -0.000749
37.960000 -0.000749
37.970000 -0.000750
37.980000 -0.000751
37.990000 -0.000752
38.000000 -0.000752
38.010000 -0.000753
38.020000 -0.000754
38.030000 -0.000754
38.040000 -0.000755
38.050000 -0.000756
38.060000 -0.000756
38.070000 -0.000757
38.080000 -0.000757
38.090000 -0.000758
38.100000 -0.000758
38.110000 -0.000759
38.120000 -0.000760
38.130000 -0.000760
38.140000 -0.000761
38.150000 -0.000761
38.160000 -0.000762
38.170000 -0.000762
38.180000 -0.000763
38.190000 -0.000763
38.200000 -0.000764
38.210000 -0.000764
38.220000 -0.000764
38.230000 -0.000765
38.240000 -0.000765
38.250000 -0.000765
38.260000 -0.000766
38.270000 -0.000766
38.280000 -0.000766
38.290000 -0.000766
38.300000 -0.000767
38.310000 -0.000767
38.320000 -0.000767
38.330000 -0.000767
38.340000 -0.000768
38.350000 -0.000768
38.360000 -0.000768
38.370000 -0.000768
38.380000 -0.000768
38.390000 -0.000769
38.400000 -0.000769
38.410000 -0.000769
38.420000 -0.000769
38.430000 -0.000769
38.440000 -0.000770
38.450000 -0.000770
38.460000 -0.000770
38.470000 -0.000770
38.480000 -0.000770
38.490000 -0.000771
38.500000 -0.000771
38.510000 -0.000771
38.520000 -0.000771
38.530000 -0.000771
38.540000 -0.000770
38.550000 -0.000770
38.560000 -0.000770
38.570000 -0.000770
38.580000 -0.000770
38.590000 -0.000769
38.600000 -0.000769
38.610000 -0.000768
38.620000 -0.000768
38.630000 -0.000768
38.640000 -0.000767
38.650000 -0.000767
38.660000 -0.000766
38.670000 -0.000766
38.680000 -0.000766
38.690000 -0.000765
38.700000 -0.000765
38.710000 -0.000765
38.720000 -0.000764
38.730000 -0.000764
38.740000 -0.000764
38.750000 -0.000764
38.760000 -0.000763
38.770000 -0.000763
38.780000 -0.000763
38.790000 -0.000763
38.800000 -0.000763
38.810000 -0.000762
38.820000 -0.000762
38.830000 -0.000762
38.840000 -0.000762
38.850000 -0.000761
38.860000 -0.000761
38.870000 -0.000761
38.880000 -0.000761
38.890000 -0.000760
38.900000 -0.000760
38.910000 -0.000760
38.920000 -0.000759
38.930000 -0.000759
38.940000 -0.000759
38.950000 -0.000758
38.960000 -0.000758
38.970000 -0.000758
38.980000 -0.000758
38.990000 -0.000757
39.000000 -0.000757
39.010000 -0.000757
39.020000 -0.000757
39.030000 -0.000757
39.040000 -0.000757
39.050000 -0.000757
39.060000 -0.000756
39.070000 -0.000756
39.080000 -0.000756
39.090000 -0.000756
39.100000 -0.000756
39.110000 -0.000756
39.120000 -0.000755
39.130000 -0.000755
39.140000 -0.000755
39.150000 -0.000754
39.160000 -0.000754
39.170000 -0.000753
39.180000 -0.000753
39.190000 -0.000752
39.200000 -0.000752
39.210000 -0.000751
39.220000 -0.000750
39.230000 -0.000750
39.240000 -0.000749
39.250000 -0.000749
39.260000 -0.000748
39.270000 -0.000747
39.280000 -0.000747
39.290000 -0.000746
39.300000 -0.000745
39.310000 -0.000745
39.320000 -0.000744
39.330000 -0.000743
39.340000 -0.000743
39.350000 -0.000742
39.360000 -0.000741
39.370000 -0.000740
39.380000 -0.000739
39.390000 -0.000738
39.400000 -0.000737
39.410000 -0.000737
39.420000 -0.000736
39.430000 -0.000735
39.440000 -0.000734
39.450000 -0.000733
39.460000 -0.000732
39.470000 -0.000731
39.480000 -0.000730
39.490000 -0.000729
39.500000 -0.000728
39.510000 -0.000727
39.520000 -0.000726
39.530000 -0.000725
39.540000 -0.000724
39.550000 -0.000723
39.560000 -0.000722
39.570000 -0.000721
39.580000 -0.000720
39.590000 -0.000719
39.600000 -0.000718
39.610000 -0.000717
39.620000 -0.000716
39.630000 -0.000715
39.640000 -0.000714
39.650000 -0.000713
39.660000 -0.000712
39.670000 -0.000711
39.680000 -0.000710
39.690000 -0.000709
39.700000 -0.000708
39.710000 -0.000707
39.720000 -0.000706
39.730000 -0.000705
39.740000 -0.000705
39.750000 -0.000704
39.760000 -0.000703
39.770000 -0.000702
39.780000 -0.000701
39.790000 -0.000700
39.800000 -0.000699
39.810000 -0.000698
39.820000 -0.000697
39.830000 -0.000696
39.840000 -0.000695
39.850000 -0.000694
39.860000 -0.000693
39.870000 -0.000693
39.880000 -0.000692
39.890000 -0.000691
39.900000 -0.000690
39.910000 -0.000689
39.920000 -0.000689
39.930000 -0.000688
39.940000 -0.000687
39.950000 -0.000687
39.960000 -0.000686
39.970000 -0.000685
39.980000 -0.000685
39.990000 -0.000684
40.000000 -0.000683
40.010000 -0.000683
40.020000 -0.000682
40.030000 -0.000682
40.040000 -0.000681
40.050000 -0.000681
40.060000 -0.000680
40.070000 -0.000680
40.080000 -0.000679
40.090000 -0.000679
40.100000 -0.000678
40.110000 -0.000678
40.120000 -0.000678
40.130000 -0.000677
40.140000 -0.000677
40.150000 -0.000676
40.160000 -0.000676
40.170000 -0.000675
40.180000 -0.000674
40.190000 -0.000674
40.200000 -0.000673
40.210000 -0.000672
40.220000 -0.000672
40.230000 -0.000671
40.240000 -0.000670
40.250000 -0.000670
40.260000 -0.000669
40.270000 -0.000668
40.280000 -0.000668
40.290000 -0.000667
40.300000 -0.000667
40.310000 -0.000666
40.320000 -0.000666
40.330000 -0.000665
40.340000 -0.000665
40.350000 -0.000664
40.360000 -0.000664
40.370000 -0.000664
40.380000 -0.000663
40.390000 -0.000663
40.400000 -0.000662
40.410000 -0.000662
40.420000 -0.000661
40.430000 -0.000661
40.440000 -0.000660
40.450000 -0.000660
40.460000 -0.000660
40.470000 -0.000659
40.480000 -0.000659
40.490000 -0.000659
40.500000 -0.000658
40.510000 -0.000658
40.520000 -0.000658
40.530000 -0.000657
40.540000 -0.000657
40.550000 -0.000657
40.560000 -0.000657
40.570000 -0.000656
40.580000 -0.000656
40.590000 -0.000656
40.600000 -0.000656
40.610000 -0.000656
40.620000 -0.000656
40.630000 -0.000656
40.640000 -0.000656
40.650000 -0.000656
40.660000 -0.000656
40.670000 -0.000657
40.680000 -0.000657
40.690000 -0.000657
40.700000 -0.000658
40.710000 -0.000658
40.720000 -0.000658
40.730000 -0.000659
40.740000 -0.000659
40.750000 -0.000660
40.760000 -0.000661
40.770000 -0.000661
40.780000 -0.000662
40.790000 -0.000662
40.800000 -0.000663
40.810000 -0.000664
40.820000 -0.000664
40.830000 -0.000665
40.840000 -0.000666
40.850000 -0.000667
40.860000 -0.000667
40.870000 -0.000668
40.880000 -0.000669
40.890000 -0.000670
40.900000 -0.000670
40.910000 -0.000671
40.920000 -0.000672
40.930000 -0.000673
40.940000 -0.000673
40.950000 -0.000674
40.960000 -0.000675
40.970000 -0.000676
40.980000 -0.000677
40.990000 -0.000677
41.000000 -0.000678
41.010000 -0.000679
41.020000 -0.000680
41.030000 -0.000680
41.040000 -0.000681
41.050000 -0.000681
41.060000 -0.000682
41.070000 -0.000683
41.080000 -0.000683
41.090000 -0.000684
41.100000 -0.000684
41.110000 -0.000685
41.120000 -0.000686
41.130000 -0.000686
41.140000 -0.000687
41.150000 -0.000687
41.160000 -0.000688
41.170000 -0.000688
41.180000 -0.000689
41.190000 -0.000689
41.200000 -0.000690
41.210000 -0.000690
41.220000 -0.000690
41.230000 -0.000691
41.240000 -0.000691
41.250000 -0.000691
41.260000 -0.000691
41.270000 -0.000691
41.280000 -0.000691
41.290000 -0.000691
41.300000 -0.000691
41.310000 -0.000691
41.320000 -0.000690
41.330000 -0.000690
41.340000 -0.000690
41.350000 -0.000690
41.360000 -0.000690
41.370000 -0.000690
41.380000 -0.000690
41.390000 -0.000689
41.400000 -0.000689
41.410000 -0.000689
41.420000 -0.000689
41.430000 -0.000689
41.440000 -0.000689
41.450000 -0.000689
41.460000 -0.000689
41.470000 -0.000688
41.480000 -0.000688
41.490000 -0.000688
41.500000 -0.000688
41.510000 -0.000688
41.520000 -0.000688
41.530000 -0.000688
41.540000 -0.000688
41.550000 -0.000688
41.560000 -0.000688
41.570000 -0.000688
41.580000 -0.000688
41.590000 -0.000688
41.600000 -0.000688
41.610000 -0.000688
41.620000 -0.000688
41.630000 -0.000688
41.640000 -0.000688
41.650000 -0.000688
41.660000 -0.000689
41.670000 -0.000689
41.680000 -0.000689
41.690000 -0.000689
41.700000 -0.000689
41.710000 -0.000690
41.720000 -0.000690
41.730000 -0.000690
41.740000 -0.000691
41.750000 -0.000691
41.760000 -0.000692
41.770000 -0.000692
41.780000 -0.000693
41.790000 -0.000693
41.800000 -0.000694
41.810000 -0.000694
41.820000 -0.000695
41.830000 -0.000695
41.840000 -0.000696
41.850000 -0.000696
41.860000 -0.000697
41.870000 -0.000697
41.880000 -0.000698
41.890000 -0.000698
41.900000 -0.000699
41.910000 -0.000700
41.920000 -0.000700
41.930000 -0.000701
41.940000 -0.000702
41.950000 -0.000702
41.960000 -0.000703
41.970000 -0.000703
41.980000 -0.000704
41.990000 -0.000705
42.000000 -0.000705
42.010000 -0.000706
42.020000 -0.000706
42.030000 -0.000707
42.040000 -0.000707
42.050000 -0.000708
42.060000 -0.000708
42.070000 -0.000708
42.080000 -0.000708
42.090000 -0.000708
42.100000 -0.000708
42.110000 -0.000709
42.120000 -0.000709
42.130000 -0.000708
42.140000 -0.000708
42.150000 -0.000708
42.160000 -0.000708
42.170000 -0.000708
42.180000 -0.000708
42.190000 -0.000708
42.200000 -0.000708
42.210000 -0.000707
42.220000 -0.000707
42.230000 -0.000707
42.240000 -0.000706
42.250000 -0.000706
42.260000 -0.000705
42.270000 -0.000705
42.280000 -0.000704
42.290000 -0.000704
42.300000 -0.000703
42.310000 -0.000702
42.320000 -0.000702
42.330000 -0.000701
42.340000 -0.000700
42.350000 -0.000700
42.360000 -0.000699
42.370000 -0.000698
42.380000 -0.000697
42.390000 -0.000696
42.400000 -0.000695
42.410000 -0.000694
42.420000 -0.000693
42.430000 -0.000692
42.440000 -0.000691
42.450000 -0.000689
42.460000 -0.000688
42.470000 -0.000687
42.480000 -0.000686
42.490000 -0.000684
42.500000 -0.000683
42.510000 -0.000682
42.520000 -0.000680
42.530000 -0.000679
42.540000 -0.000677
42.550000 -0.000676
42.560000 -0.000674
42.570000 -0.000673
42.580000 -0.000672
42.590000 -0.000670
42.600000 -0.000669
42.610000 -0.000667
42.620000 -0.000666
42.630000 -0.000665
42.640000 -0.000663
42.650000 -0.000662
42.660000 -0.000661
42.670000 -0.000660
42.680000 -0.000659
42.690000 -0.000658
42.700000 -0.000657
42.710000 -0.000656
42.720000 -0.000655
42.730000 -0.000654
42.740000 -0.000653
42.750000 -0.000652
42.760000 -0.000652
42.770000 -0.000651
42.780000 -0.000650
42.790000 -0.000649
42.800000 -0.000649
42.810000 -0.000648
42.820000 -0.000647
42.830000 -0.000646
42.840000 -0.000645
42.850000 -0.000645
42.860000 -0.000644
42.870000 -0.000643
42.880000 -0.000642
42.890000 -0.000641
42.900000 -0.000640
42.910000 -0.000639
42.920000 -0.000638
42.930000 -0.000637
42.940000 -0.000636
42.950000 -0.000635
42.960000 -0.000634
42.970000 -0.000633
42.980000 -0.000632
42.990000 -0.000631
43.000000 -0.000630
43.010000 -0.000628
43.020000 -0.000627
43.030000 -0.000625
43.040000 -0.000624
43.050000 -0.000622
43.060000 -0.000621
43.070000 -0.000619
43.080000 -0.000618
43.090000 -0.000616
43.100000 -0.000615
43.110000 -0.000613
43.120000 -0.000612
43.130000 -0.000610
43.140000 -0.000608
43.150000 -0.000607
43.160000 -0.000605
43.170000 -0.000604
43.180000 -0.000602
43.190000 -0.000601
43.200000 -0.000599
43.210000 -0.000597
43.220000 -0.000595
43.230000 -0.000594
43.240000 -0.000592
43.250000 -0.000590
43.260000 -0.000588
43.270000 -0.000587
43.280000 -0.000585
43.290000 -0.000583
43.300000 -0.000581
43.310000 -0.000579
43.320000 -0.000578
43.330000 -0.000576
43.340000 -0.000574
43.350000 -0.000572
43.360000 -0.000571
43.370000 -0.000569
43.380000 -0.000567
43.390000 -0.000566
43.400000 -0.000564
43.410000 -0.000563
43.420000 -0.000561
43.430000 -0.000560
43.440000 -0.000558
43.450000 -0.000557
43.460000 -0.000556
43.470000 -0.000554
43.480000 -0.000553
43.490000 -0.000552
43.500000 -0.000550
43.510000 -0.000549
43.520000 -0.000548
43.530000 -0.000547
43.540000 -0.000546
43.550000 -0.000545
43.560000 -0.000544
43.570000 -0.000543
43.580000 -0.000542
43.590000 -0.000541
43.600000 -0.000540
43.610000 -0.000539
43.620000 -0.000538
43.630000 -0.000537
43.640000 -0.000535
43.650000 -0.000534
43.660000 -0.000533
43.670000 -0.000531
43.680000 -0.000530
43.690000 -0.000529
43.700000 -0.000528
43.710000 -0.000526
43.720000 -0.000525
43.730000 -0.000524
43.740000 -0.000523
43.750000 -0.000522
43.760000 -0.000521
43.770000 -0.000520
43.780000 -0.000519
43.790000 -0.000518
43.800000 -0.000517
43.810000 -0.000516
43.820000 -0.000516
43.830000 -0.000515
43.840000 -0.000514
43.850000 -0.000514
43.860000 -0.000513
43.870000 -0.000513
43.880000 -0.000512
43.890000 -0.000512
43.900000 -0.000511
43.910000 -0.000511
43.920000 -0.000510
43.930000 -0.000510
43.940000 -0.000510
43.950000 -0.000509
43.960000 -0.000509
43.970000 -0.000509
43.980000 -0.000509
43.990000 -0.000508
44.000000 -0.000508
44.010000 -0.000508
44.020000 -0.000508
44.030000 -0.000508
44.040000 -0.000508
44.050000 -0.000509
44.060000 -0.000509
44.070000 -0.000509
44.080000 -0.000509
44.090000 -0.000510
44.100000 -0.000510
44.110000 -0.000511
44.120000 -0.000511
44.130000 -0.000512
44.140000 -0.000512
44.150000 -0.000512
44.160000 -0.000513
44.170000 -0.000513
44.180000 -0.000514
44.190000 -0.000514
44.200000 -0.000514
44.210000 -0.000515
44.220000 -0.000515
44.230000 -0.000516
44.240000 -0.000516
44.250000 -0.000517
44.260000 -0.000517
44.270000 -0.000518
44.280000 -0.000519
44.290000 -0.000519
44.300000 -0.000520
44.310000 -0.000521
44.320000 -0.000522
44.330000 -0.000523
44.340000 -0.000524
44.350000 -0.000525
44.360000 -0.000526
44.370000 -0.000527
44.380000 -0.000528
44.390000 -0.000529
44.400000 -0.000530
44.410000 -0.000532
44.420000 -0.000533
44.430000 -0.000534
44.440000 -0.000535
44.450000 -0.000536
44.460000 -0.000537
44.470000 -0.000538
44.480000 -0.000539
44.490000 -0.000540
44.500000 -0.000541
44.510000 -0.000542
44.520000 -0.000543
44.530000 -0.000544
44.540000 -0.000545
44.550000 -0.000546
44.560000 -0.000547
44.570000 -0.000548
44.580000 -0.000549
44.590000 -0.000550
44.600000 -0.000551
44.610000 -0.000551
44.620000 -0.000552
44.630000 -0.000553
44.640000 -0.000554
44.650000 -0.000555
44.660000 -0.000557
44.670000 -0.000558
44.680000 -0.000559
44.690000 -0.000560
44.700000 -0.000561
44.710000 -0.000562
44.720000 -0.000564
44.730000 -0.000565
44.740000 -0.000566
44.750000 -0.000567
44.760000 -0.000569
44.770000 -0.000570
44.780000 -0.000571
44.790000 -0.000572
44.800000 -0.000574
44.810000 -0.000575
44.820000 -0.000576
44.830000 -0.000577
44.840000 -0.000578
44.850000 -0.000580
44.860000 -0.000581
44.870000 -0.000582
44.880000 -0.000583
44.890000 -0.000584
44.900000 -0.000585
44.910000 -0.000586
44.920000 -0.000588
44.930000 -0.000589
44.940000 -0.000590
44.950000 -0.000591
44.960000 -0.000592
44.970000 -0.000593
44.980000 -0.000594
44.990000 -0.000594
45.000000 -0.000595
45.010000 -0.000596
45.020000 -0.000597
45.030000 -0.000598
45.040000 -0.000599
45.050000 -0.000600
45.060000 -0.000600
45.070000 -0.000601
45.080000 -0.000602
45.090000 -0.000603
45.100000 -0.000604
45.110000 -0.000605
45.120000 -0.000606
45.130000 -0.000607
45.140000 -0.000607
45.150000 -0.000608
45.160000 -0.000609
45.170000 -0.000610
45.180000 -0.000611
45.190000 -0.000612
45.200000 -0.000613
45.210000 -0.000613
45.220000 -0.000614
45.230000 -0.000615
45.240000 -0.000616
45.250000 -0.000617
45.260000 -0.000617
45.270000 -0.000618
45.280000 -0.000619
45.290000 -0.000620
45.300000 -0.000621
45.310000 -0.000622
45.320000 -0.000623
45.330000 -0.000624
45.340000 -0.000625
45.350000 -0.000626
45.360000 -0.000627
45.370000 -0.000628
45.380000 -0.000628
45.390000 -0.000629
45.400000 -0.000630
45.410000 -0.000631
45.420000 -0.000632
45.430000 -0.000633
45.440000 -0.000633
45.450000 -0.000634
45.460000 -0.000635
45.470000 -0.000635
45.480000 -0.000636
45.490000 -0.000637
45.500000 -0.000637
45.510000 -0.000638
45.520000 -0.000638
45.530000 -0.000639
45.540000 -0.000639
45.550000 -0.000640
45.560000 -0.000640
45.570000 -0.000640
45.580000 -0.000641
45.590000 -0.000641
45.600000 -0.000641
45.610000 -0.000641
45.620000 -0.000641
45.630000 -0.000641
45.640000 -0.000641
45.650000 -0.000641
45.660000 -0.000641
45.670000 -0.000641
45.680000 -0.000641
45.690000 -0.000641
45.700000 -0.000641
45.710000 -0.000641
45.720000 -0.000640
45.730000 -0.000640
45.740000 -0.000640
45.750000 -0.000640
45.760000 -0.000640
45.770000 -0.000640
45.780000 -0.000639
45.790000 -0.000639
45.800000 -0.000639
45.810000 -0.000639
45.820000 -0.000639
45.830000 -0.000638
45.840000 -0.000638
45.850000 -0.000638
45.860000 -0.000638
45.870000 -0.000637
45.880000 -0.000637
45.890000 -0.000637
45.900000 -0.000637
45.910000 -0.000637
45.920000 -0.000637
45.930000 -0.000637
45.940000 -0.000636
45.950000 -0.000636
45.960000 -0.000636
45.970000 -0.000636
45.980000 -0.000636
45.990000 -0.000636
46.000000 -0.000637
46.010000 -0.000637
46.020000 -0.000637
46.030000 -0.000637
46.040000 -0.000637
46.050000 -0.000637
46.060000 -0.000637
46.070000 -0.000637
46.080000 -0.000637
46.090000 -0.000637
46.100000 -0.000637
46.110000 -0.000637
46.120000 -0.000637
46.130000 -0.000637
46.140000 -0.000637
46.150000 -0.000637
46.160000 -0.000637
46.170000 -0.000638
46.180000 -0.000638
46.190000 -0.000638
46.200000 -0.000638
46.210000 -0.000638
46.220000 -0.000638
46.230000 -0.000638
46.240000 -0.000639
46.250000 -0.000639
46.260000 -0.000639
46.270000 -0.000640
46.280000 -0.000640
46.290000 -0.000640
46.300000 -0.000641
46.310000 -0.000641
46.320000 -0.000641
46.330000 -0.000642
46.340000 -0.000642
46.350000 -0.000642
46.360000 -0.000642
46.370000 -0.000643
46.380000 -0.000643
46.390000 -0.000643
46.400000 -0.000643
46.410000 -0.000643
46.420000 -0.000643
46.430000 -0.000644
46.440000 -0.000644
46.450000 -0.000644
46.460000 -0.000644
46.470000 -0.000644
46.480000 -0.000644
46.490000 -0.000644
46.500000 -0.000644
46.510000 -0.000644
46.520000 -0.000644
46.530000 -0.000644
46.540000 -0.000644
46.550000 -0.000644
46.560000 -0.000644
46.570000 -0.000644
46.580000 -0.000644
46.590000 -0.000643
46.600000 -0.000643
46.610000 -0.000643
46.620000 -0.000642
46.630000 -0.000642
46.640000 -0.000641
46.650000 -0.000641
46.660000 -0.000640
46.670000 -0.000639
46.680000 -0.000639
46.690000 -0.000638
46.700000 -0.000637
46.710000 -0.000636
46.720000 -0.000635
46.730000 -0.000634
46.740000 -0.000633
46.750000 -0.000632
46.760000 -0.000631
46.770000 -0.000631
46.780000 -0.000630
46.790000 -0.000629
46.800000 -0.000628
46.810000 -0.000627
46.820000 -0.000626
46.830000 -0.000625
46.840000 -0.000625
46.850000 -0.000624
46.860000 -0.000623
46.870000 -0.000622
46.880000 -0.000621
46.890000 -0.000620
46.900000 -0.000620
46.910000 -0.000619
46.920000 -0.000618
46.930000 -0.000617
46.940000 -0.000616
46.950000 -0.000616
46.960000 -0.000615
46.970000 -0.000614
46.980000 -0.000613
46.990000 -0.000612
47.000000 -0.000611
47.010000 -0.000610
47.020000 -0.000609
47.030000 -0.000608
47.040000 -0.000607
47.050000 -0.000606
47.060000 -0.000605
47.070000 -0.000604
47.080000 -0.000603
47.090000 -0.000601
47.100000 -0.000600
47.110000 -0.000599
47.120000 -0.000598
47.130000 -0.000597
47.140000 -0.000596
47.150000 -0.000595
47.160000 -0.000593
47.170000 -0.000592
47.180000 -0.000591
47.190000 -0.000590
47.200000 -0.000588
47.210000 -0.000587
47.220000 -0.000586
47.230000 -0.000585
47.240000 -0.000583
47.250000 -0.000582
47.260000 -0.000581
47.270000 -0.000579
47.280000 -0.000578
47.290000 -0.000577
47.300000 -0.000575
47.310000 -0.000574
47.320000 -0.000572
47.330000 -0.000571
47.340000 -0.000569
47.350000 -0.000568
47.360000 -0.000567
47.370000 -0.000565
47.380000 -0.000564
47.390000 -0.000562
47.400000 -0.000560
47.410000 -0.000559
47.420000 -0.000557
47.430000 -0.000556
47.440000 -0.000554
47.450000 -0.000553
47.460000 -0.000551
47.470000 -0.000550
47.480000 -0.000549
47.490000 -0.000547
47.500000 -0.000546
47.510000 -0.000544
47.520000 -0.000543
47.530000 -0.000542
47.540000 -0.000540
47.550000 -0.000539
47.560000 -0.000538
47.570000 -0.000536
47.580000 -0.000535
47.590000 -0.000534
47.600000 -0.000533
47.610000 -0.000531
47.620000 -0.000530
47.630000 -0.000529
47.640000 -0.000527
47.650000 -0.000526
47.660000 -0.000525
47.670000 -0.000523
47.680000 -0.000522
47.690000 -0.000521
47.700000 -0.000519
47.710000 -0.000518
47.720000 -0.000517
47.730000 -0.000515
47.740000 -0.000514
47.750000 -0.000513
47.760000 -0.000511
47.770000 -0.000510
47.780000 -0.000509
47.790000 -0.000507
47.800000 -0.000506
47.810000 -0.000505
47.820000 -0.000503
47.830000 -0.000502
47.840000 -0.000500
47.850000 -0.000499
47.860000 -0.000497
47.870000 -0.000496
47.880000 -0.000494
47.890000 -0.000492
47.900000 -0.000491
47.910000 -0.000489
47.920000 -0.000487
47.930000 -0.000485
47.940000 -0.000484
47.950000 -0.000482
47.960000 -0.000480
47.970000 -0.000478
47.980000 -0.000476
47.990000 -0.000474
48.000000 -0.000472
48.010000 -0.000470
48.020000 -0.000468
48.030000 -0.000466
48.040000 -0.000464
48.050000 -0.000461
48.060000 -0.000459
48.070000 -0.000457
48.080000 -0.000455
48.090000 -0.000453
48.100000 -0.000450
48.110000 -0.000448
48.120000 -0.000446
48.130000 -0.000444
48.140000 -0.000441
48.150000 -0.000439
48.160000 -0.000437
48.170000 -0.000435
48.180000 -0.000433
48.190000 -0.000430
48.200000 -0.000428
48.210000 -0.000426
48.220000 -0.000424
48.230000 -0.000422
48.240000 -0.000420
48.250000 -0.000418
48.260000 -0.000416
48.270000 -0.000414
48.280000 -0.000412
48.290000 -0.000410
48.300000 -0.000408
48.310000 -0.000406
48.320000 -0.000404
48.330000 -0.000402
48.340000 -0.000400
48.350000 -0.000398
48.360000 -0.000396
48.370000 -0.000394
48.380000 -0.000392
48.390000 -0.000390
48.400000 -0.000388
48.410000 -0.000386
48.420000 -0.000384
48.430000 -0.000382
48.440000 -0.000379
48.450000 -0.000377
48.460000 -0.000375
48.470000 -0.000373
48.480000 -0.000371
48.490000 -0.000368
48.500000 -0.000366
48.510000 -0.000364
48.520000 -0.000362
48.530000 -0.000360
48.540000 -0.000358
48.550000 -0.000356
48.560000 -0.000355
48.570000 -0.000353
48.580000 -0.000351
48.590000 -0.000349
48.600000 -0.000347
48.610000 -0.000345
48.620000 -0.000344
48.630000 -0.000342
48.640000 -0.000340
48.650000 -0.000338
48.660000 -0.000336
48.670000 -0.000335
48.680000 -0.000333
48.690000 -0.000331
48.700000 -0.000329
48.710000 -0.000327
48.720000 -0.000326
48.730000 -0.000324
48.740000 -0.000322
48.750000 -0.000320
48.760000 -0.000319
48.770000 -0.000317
48.780000 -0.000315
48.790000 -0.000314
48.800000 -0.000312
48.810000 -0.000310
48.820000 -0.000308
48.830000 -0.000306
48.840000 -0.000304
48.850000 -0.000302
48.860000 -0.000300
48.870000 -0.000298
48.880000 -0.000296
48.890000 -0.000294
48.900000 -0.000292
48.910000 -0.000290
48.920000 -0.000288
48.930000 -0.000286
48.940000 -0.000284
48.950000 -0.000282
48.960000 -0.000280
48.970000 -0.000277
48.980000 -0.000275
48.990000 -0.000273
49.000000 -0.000271
49.010000 -0.000269
49.020000 -0.000267
49.030000 -0.000265
49.040000 -0.000263
49.050000 -0.000261
49.060000 -0.000260
49.070000 -0.000258
49.080000 -0.000256
49.090000 -0.000254
49.100000 -0.000252
49.110000 -0.000250
49.120000 -0.000248
49.130000 -0.000246
49.140000 -0.000245
49.150000 -0.000243
49.160000 -0.000241
49.170000 -0.000239
49.180000 -0.000237
49.190000 -0.000235
49.200000 -0.000233
49.210000 -0.000231
49.220000 -0.000229
49.230000 -0.000227
49.240000 -0.000225
49.250000 -0.000223
49.260000 -0.000221
49.270000 -0.000219
49.280000 -0.000217
49.290000 -0.000215
49.300000 -0.000213
49.310000 -0.000211
49.320000 -0.000209
49.330000 -0.000208
49.340000 -0.000206
49.350000 -0.000204
49.360000 -0.000203
49.370000 -0.000201
49.380000 -0.000200
49.390000 -0.000199
49.400000 -0.000197
49.410000 -0.000196
49.420000 -0.000195
49.430000 -0.000194
49.440000 -0.000193
49.450000 -0.000192
49.460000 -0.000191
49.470000 -0.000190
49.480000 -0.000189
49.490000 -0.000188
49.500000 -0.000187
49.510000 -0.000186
49.520000 -0.000185
49.530000 -0.000184
49.540000 -0.000183
49.550000 -0.000182
49.560000 -0.000181
49.570000 -0.000180
49.580000 -0.000179
49.590000 -0.000178
49.600000 -0.000177
49.610000 -0.000175
49.620000 -0.000174
49.630000 -0.000173
49.640000 -0.000172
49.650000 -0.000171
49.660000 -0.000169
49.670000 -0.000168
49.680000 -0.000167
49.690000 -0.000166
49.700000 -0.000165
49.710000 -0.000164
49.720000 -0.000163
49.730000 -0.000162
49.740000 -0.000161
49.750000 -0.000160
49.760000 -0.000159
49.770000 -0.000159
49.780000 -0.000158
49.790000 -0.000157
49.800000 -0.000157
49.810000 -0.000156
49.820000 -0.000155
49.830000 -0.000155
49.840000 -0.000154
49.850000 -0.000154
49.860000 -0.000153
49.870000 -0.000152
49.880000 -0.000152
49.890000 -0.000151
49.900000 -0.000151
49.910000 -0.000150
49.920000 -0.000150
49.930000 -0.000150
49.940000 -0.000149
49.950000 -0.000149
49.960000 -0.000148
49.970000 -0.000148
49.980000 -0.000148
49.990000 -0.000148
